"BGO_ModID00_ChID00" (8000)
Tue Aug 27 21:43:35 2019
 3
1 long 
("BGOarray.raw.chanid000.adc")
(0 40000) 
--------------------------------------------
(-1) -1
"BGO_ModID00_ChID01" (8000)
Tue Aug 27 21:43:35 2019
 3
1 long 
("BGOarray.raw.chanid001.adc")
(0 40000) 
--------------------------------------------
(0) 12329
(1) 10
(2) 20
(3) 23
(4) 36
(5) 18
(6) 28
(7) 26
(8) 43
(9) 26
(10) 25
(11) 39
(12) 47
(13) 57
(14) 91
(15) 152
(16) 173
(17) 160
(18) 147
(19) 115
(20) 127
(21) 122
(22) 122
(23) 96
(24) 85
(25) 67
(26) 68
(27) 50
(28) 48
(29) 53
(30) 50
(31) 44
(32) 21
(33) 29
(34) 30
(35) 23
(36) 25
(37) 29
(38) 16
(39) 26
(40) 21
(41) 30
(42) 29
(43) 31
(44) 27
(45) 40
(46) 35
(47) 51
(48) 51
(49) 50
(50) 54
(51) 60
(52) 75
(53) 80
(54) 91
(55) 99
(56) 112
(57) 111
(58) 139
(59) 130
(60) 155
(61) 155
(62) 169
(63) 151
(64) 150
(65) 173
(66) 165
(67) 203
(68) 179
(69) 190
(70) 204
(71) 218
(72) 202
(73) 196
(74) 200
(75) 202
(76) 213
(77) 219
(78) 205
(79) 213
(80) 205
(81) 218
(82) 230
(83) 202
(84) 185
(85) 202
(86) 202
(87) 204
(88) 158
(89) 181
(90) 179
(91) 194
(92) 157
(93) 154
(94) 186
(95) 155
(96) 157
(97) 169
(98) 134
(99) 155
(100) 145
(101) 140
(102) 165
(103) 157
(104) 153
(105) 153
(106) 164
(107) 148
(108) 165
(109) 145
(110) 107
(111) 127
(112) 131
(113) 135
(114) 121
(115) 122
(116) 126
(117) 128
(118) 111
(119) 153
(120) 130
(121) 146
(122) 147
(123) 135
(124) 148
(125) 123
(126) 129
(127) 129
(128) 147
(129) 137
(130) 158
(131) 133
(132) 135
(133) 135
(134) 145
(135) 156
(136) 130
(137) 150
(138) 148
(139) 162
(140) 139
(141) 161
(142) 136
(143) 148
(144) 160
(145) 159
(146) 143
(147) 144
(148) 158
(149) 178
(150) 159
(151) 152
(152) 190
(153) 159
(154) 144
(155) 148
(156) 158
(157) 163
(158) 189
(159) 160
(160) 179
(161) 174
(162) 194
(163) 169
(164) 197
(165) 174
(166) 173
(167) 192
(168) 165
(169) 194
(170) 173
(171) 177
(172) 168
(173) 162
(174) 162
(175) 162
(176) 175
(177) 153
(178) 188
(179) 184
(180) 175
(181) 180
(182) 167
(183) 156
(184) 188
(185) 166
(186) 167
(187) 172
(188) 196
(189) 188
(190) 161
(191) 176
(192) 160
(193) 164
(194) 170
(195) 137
(196) 198
(197) 175
(198) 182
(199) 204
(200) 184
(201) 182
(202) 190
(203) 190
(204) 199
(205) 178
(206) 213
(207) 205
(208) 218
(209) 239
(210) 224
(211) 258
(212) 259
(213) 252
(214) 287
(215) 289
(216) 312
(217) 302
(218) 315
(219) 340
(220) 357
(221) 398
(222) 415
(223) 409
(224) 434
(225) 449
(226) 517
(227) 500
(228) 507
(229) 620
(230) 608
(231) 640
(232) 649
(233) 682
(234) 703
(235) 742
(236) 779
(237) 709
(238) 781
(239) 825
(240) 846
(241) 788
(242) 853
(243) 825
(244) 869
(245) 837
(246) 866
(247) 814
(248) 901
(249) 860
(250) 884
(251) 847
(252) 851
(253) 829
(254) 826
(255) 811
(256) 789
(257) 771
(258) 729
(259) 739
(260) 715
(261) 670
(262) 623
(263) 636
(264) 620
(265) 570
(266) 513
(267) 500
(268) 500
(269) 478
(270) 473
(271) 423
(272) 404
(273) 385
(274) 326
(275) 300
(276) 294
(277) 299
(278) 275
(279) 252
(280) 217
(281) 195
(282) 221
(283) 205
(284) 207
(285) 155
(286) 186
(287) 173
(288) 147
(289) 139
(290) 123
(291) 134
(292) 128
(293) 104
(294) 108
(295) 104
(296) 100
(297) 108
(298) 92
(299) 79
(300) 83
(301) 90
(302) 102
(303) 81
(304) 71
(305) 84
(306) 59
(307) 84
(308) 79
(309) 72
(310) 69
(311) 70
(312) 90
(313) 64
(314) 67
(315) 77
(316) 74
(317) 64
(318) 81
(319) 80
(320) 62
(321) 79
(322) 59
(323) 55
(324) 83
(325) 59
(326) 65
(327) 69
(328) 63
(329) 63
(330) 65
(331) 57
(332) 69
(333) 79
(334) 60
(335) 62
(336) 68
(337) 67
(338) 63
(339) 54
(340) 65
(341) 60
(342) 53
(343) 67
(344) 56
(345) 60
(346) 59
(347) 59
(348) 61
(349) 64
(350) 69
(351) 56
(352) 55
(353) 58
(354) 69
(355) 49
(356) 60
(357) 59
(358) 46
(359) 58
(360) 58
(361) 43
(362) 56
(363) 66
(364) 55
(365) 56
(366) 38
(367) 46
(368) 50
(369) 42
(370) 41
(371) 54
(372) 44
(373) 68
(374) 47
(375) 58
(376) 45
(377) 51
(378) 45
(379) 54
(380) 46
(381) 68
(382) 58
(383) 42
(384) 57
(385) 41
(386) 49
(387) 46
(388) 47
(389) 51
(390) 48
(391) 60
(392) 57
(393) 63
(394) 62
(395) 67
(396) 57
(397) 53
(398) 64
(399) 76
(400) 84
(401) 67
(402) 80
(403) 79
(404) 74
(405) 86
(406) 90
(407) 94
(408) 93
(409) 77
(410) 114
(411) 109
(412) 116
(413) 112
(414) 129
(415) 126
(416) 122
(417) 133
(418) 157
(419) 179
(420) 133
(421) 165
(422) 164
(423) 171
(424) 184
(425) 177
(426) 195
(427) 179
(428) 165
(429) 201
(430) 191
(431) 189
(432) 199
(433) 199
(434) 201
(435) 205
(436) 221
(437) 206
(438) 206
(439) 197
(440) 237
(441) 219
(442) 214
(443) 231
(444) 240
(445) 231
(446) 214
(447) 219
(448) 223
(449) 218
(450) 207
(451) 227
(452) 194
(453) 215
(454) 211
(455) 197
(456) 209
(457) 210
(458) 196
(459) 186
(460) 216
(461) 191
(462) 195
(463) 170
(464) 191
(465) 185
(466) 191
(467) 186
(468) 171
(469) 191
(470) 168
(471) 206
(472) 171
(473) 163
(474) 171
(475) 189
(476) 195
(477) 192
(478) 162
(479) 170
(480) 178
(481) 189
(482) 182
(483) 164
(484) 176
(485) 160
(486) 203
(487) 145
(488) 199
(489) 190
(490) 213
(491) 179
(492) 185
(493) 206
(494) 178
(495) 172
(496) 185
(497) 174
(498) 181
(499) 191
(500) 170
(501) 184
(502) 185
(503) 175
(504) 201
(505) 162
(506) 154
(507) 179
(508) 198
(509) 156
(510) 179
(511) 147
(512) 157
(513) 163
(514) 165
(515) 153
(516) 151
(517) 154
(518) 159
(519) 158
(520) 147
(521) 150
(522) 145
(523) 125
(524) 149
(525) 112
(526) 115
(527) 118
(528) 120
(529) 110
(530) 103
(531) 100
(532) 102
(533) 94
(534) 90
(535) 93
(536) 99
(537) 85
(538) 77
(539) 65
(540) 73
(541) 81
(542) 59
(543) 63
(544) 38
(545) 47
(546) 52
(547) 47
(548) 41
(549) 44
(550) 45
(551) 34
(552) 36
(553) 28
(554) 27
(555) 40
(556) 31
(557) 27
(558) 32
(559) 31
(560) 24
(561) 23
(562) 16
(563) 22
(564) 18
(565) 16
(566) 9
(567) 9
(568) 7
(569) 8
(570) 14
(571) 10
(572) 13
(573) 8
(574) 9
(575) 6
(576) 5
(577) 6
(578) 5
(579) 5
(580) 7
(581) 6
(582) 5
(583) 6
(584) 7
(585) 5
(586) 4
(587) 5
(588) 2
(589) 2
(591) 5
(592) 3
(593) 2
(594) 2
(596) 1
(597) 2
(598) 4
(599) 3
(601) 3
(602) 3
(603) 1
(604) 1
(605) 1
(608) 2
(610) 3
(611) 1
(612) 1
(614) 1
(615) 1
(616) 1
(617) 1
(618) 1
(619) 1
(621) 1
(630) 1
(635) 1
(639) 1
(643) 2
(645) 1
(653) 1
(655) 1
(658) 1
(662) 1
(664) 2
(672) 1
(681) 2
(687) 1
(688) 1
(690) 2
(692) 1
(697) 1
(705) 1
(708) 1
(710) 1
(711) 1
(713) 1
(714) 1
(715) 2
(720) 1
(722) 1
(724) 1
(726) 2
(728) 1
(733) 1
(734) 1
(738) 1
(743) 1
(750) 1
(753) 2
(761) 1
(763) 1
(764) 1
(765) 1
(766) 1
(769) 1
(776) 2
(790) 1
(792) 1
(799) 2
(801) 1
(802) 1
(803) 1
(810) 1
(812) 1
(813) 1
(820) 1
(821) 1
(823) 1
(825) 1
(848) 1
(854) 1
(861) 1
(862) 1
(883) 1
(894) 1
(895) 1
(897) 1
(904) 1
(907) 1
(915) 1
(918) 1
(921) 1
(923) 3
(926) 1
(930) 1
(933) 1
(941) 1
(942) 1
(943) 1
(944) 1
(945) 1
(952) 1
(960) 1
(961) 1
(967) 1
(968) 1
(969) 2
(971) 1
(975) 2
(983) 1
(995) 1
(999) 1
(1001) 1
(1005) 1
(1019) 1
(1030) 1
(1037) 1
(1072) 1
(1080) 1
(1095) 1
(1125) 1
(1153) 1
(1299) 1
(1768) 1
(1977) 1
(2443) 1
(2458) 1
(2630) 1
(3212) 1
(3287) 1
(3509) 1
(4155) 1
(4249) 1
(4916) 1
(5192) 1
(5600) 1
(5737) 1
(5909) 1
(6553) 30
(-1) -1
"BGO_ModID00_ChID02" (8000)
Tue Aug 27 21:43:35 2019
 3
1 long 
("BGOarray.raw.chanid002.adc")
(0 40000) 
--------------------------------------------
(0) 11255
(1) 5
(2) 2
(3) 7
(4) 4
(5) 4
(6) 7
(7) 8
(8) 5
(9) 7
(10) 6
(11) 9
(12) 10
(13) 8
(14) 14
(15) 19
(16) 20
(17) 23
(18) 16
(19) 12
(20) 11
(21) 14
(22) 13
(23) 12
(24) 5
(25) 6
(26) 8
(27) 3
(28) 9
(29) 7
(31) 3
(32) 1
(33) 1
(34) 2
(35) 4
(36) 3
(37) 2
(38) 2
(39) 9
(40) 2
(41) 3
(42) 5
(43) 7
(44) 7
(45) 15
(46) 14
(47) 17
(48) 23
(49) 20
(50) 32
(51) 36
(52) 40
(53) 35
(54) 45
(55) 60
(56) 72
(57) 62
(58) 68
(59) 80
(60) 98
(61) 91
(62) 116
(63) 120
(64) 137
(65) 128
(66) 130
(67) 121
(68) 134
(69) 169
(70) 153
(71) 178
(72) 161
(73) 173
(74) 157
(75) 168
(76) 212
(77) 162
(78) 198
(79) 194
(80) 201
(81) 196
(82) 190
(83) 202
(84) 183
(85) 199
(86) 175
(87) 244
(88) 186
(89) 194
(90) 170
(91) 159
(92) 191
(93) 213
(94) 178
(95) 184
(96) 188
(97) 180
(98) 170
(99) 161
(100) 178
(101) 191
(102) 183
(103) 175
(104) 201
(105) 168
(106) 173
(107) 164
(108) 193
(109) 168
(110) 155
(111) 153
(112) 187
(113) 156
(114) 170
(115) 169
(116) 166
(117) 153
(118) 181
(119) 177
(120) 163
(121) 174
(122) 160
(123) 153
(124) 190
(125) 183
(126) 206
(127) 159
(128) 194
(129) 194
(130) 185
(131) 208
(132) 199
(133) 199
(134) 198
(135) 190
(136) 161
(137) 168
(138) 178
(139) 175
(140) 197
(141) 183
(142) 156
(143) 198
(144) 202
(145) 201
(146) 211
(147) 192
(148) 214
(149) 199
(150) 211
(151) 223
(152) 229
(153) 237
(154) 285
(155) 275
(156) 269
(157) 323
(158) 318
(159) 348
(160) 338
(161) 424
(162) 390
(163) 435
(164) 509
(165) 524
(166) 562
(167) 630
(168) 653
(169) 730
(170) 791
(171) 779
(172) 855
(173) 919
(174) 929
(175) 951
(176) 1022
(177) 1099
(178) 1062
(179) 1142
(180) 1094
(181) 1201
(182) 1119
(183) 1116
(184) 1094
(185) 1073
(186) 1040
(187) 1124
(188) 1066
(189) 972
(190) 968
(191) 980
(192) 892
(193) 812
(194) 831
(195) 770
(196) 734
(197) 648
(198) 633
(199) 594
(200) 527
(201) 480
(202) 456
(203) 393
(204) 384
(205) 334
(206) 331
(207) 274
(208) 250
(209) 291
(210) 237
(211) 224
(212) 214
(213) 162
(214) 167
(215) 167
(216) 149
(217) 168
(218) 144
(219) 103
(220) 114
(221) 142
(222) 115
(223) 116
(224) 116
(225) 96
(226) 98
(227) 111
(228) 103
(229) 82
(230) 111
(231) 89
(232) 106
(233) 87
(234) 98
(235) 87
(236) 65
(237) 88
(238) 91
(239) 77
(240) 87
(241) 85
(242) 89
(243) 81
(244) 101
(245) 83
(246) 83
(247) 79
(248) 86
(249) 85
(250) 94
(251) 90
(252) 93
(253) 79
(254) 81
(255) 96
(256) 78
(257) 83
(258) 74
(259) 95
(260) 82
(261) 83
(262) 73
(263) 77
(264) 78
(265) 76
(266) 56
(267) 74
(268) 76
(269) 83
(270) 77
(271) 76
(272) 79
(273) 80
(274) 75
(275) 68
(276) 85
(277) 65
(278) 60
(279) 64
(280) 53
(281) 64
(282) 67
(283) 72
(284) 63
(285) 41
(286) 84
(287) 51
(288) 59
(289) 76
(290) 66
(291) 70
(292) 94
(293) 81
(294) 89
(295) 93
(296) 95
(297) 88
(298) 98
(299) 118
(300) 119
(301) 123
(302) 121
(303) 129
(304) 121
(305) 143
(306) 154
(307) 158
(308) 158
(309) 194
(310) 194
(311) 220
(312) 215
(313) 209
(314) 242
(315) 244
(316) 254
(317) 276
(318) 278
(319) 273
(320) 247
(321) 301
(322) 333
(323) 306
(324) 287
(325) 306
(326) 301
(327) 297
(328) 348
(329) 334
(330) 342
(331) 295
(332) 345
(333) 314
(334) 290
(335) 284
(336) 302
(337) 297
(338) 276
(339) 285
(340) 290
(341) 272
(342) 274
(343) 249
(344) 235
(345) 249
(346) 247
(347) 264
(348) 214
(349) 240
(350) 238
(351) 238
(352) 256
(353) 210
(354) 213
(355) 207
(356) 259
(357) 267
(358) 259
(359) 235
(360) 248
(361) 266
(362) 226
(363) 255
(364) 279
(365) 255
(366) 239
(367) 241
(368) 287
(369) 243
(370) 277
(371) 276
(372) 253
(373) 270
(374) 261
(375) 263
(376) 259
(377) 229
(378) 257
(379) 272
(380) 218
(381) 232
(382) 189
(383) 219
(384) 197
(385) 219
(386) 188
(387) 188
(388) 174
(389) 204
(390) 146
(391) 175
(392) 166
(393) 158
(394) 145
(395) 133
(396) 139
(397) 92
(398) 98
(399) 85
(400) 90
(401) 83
(402) 69
(403) 64
(404) 80
(405) 72
(406) 56
(407) 56
(408) 52
(409) 56
(410) 59
(411) 42
(412) 36
(413) 44
(414) 25
(415) 31
(416) 20
(417) 14
(418) 25
(419) 11
(420) 16
(421) 17
(422) 14
(423) 13
(424) 3
(425) 11
(426) 3
(427) 6
(428) 7
(429) 6
(430) 4
(431) 7
(432) 4
(434) 3
(435) 4
(436) 1
(437) 4
(438) 2
(439) 5
(440) 3
(441) 5
(442) 2
(443) 2
(444) 2
(445) 2
(446) 2
(447) 1
(449) 1
(450) 2
(451) 1
(452) 1
(455) 1
(456) 5
(459) 1
(461) 1
(462) 4
(464) 1
(465) 1
(466) 1
(467) 1
(469) 1
(471) 1
(472) 2
(475) 1
(476) 1
(477) 1
(483) 2
(484) 2
(488) 1
(492) 2
(493) 1
(494) 1
(496) 1
(498) 3
(499) 1
(500) 1
(501) 1
(503) 1
(504) 2
(505) 1
(513) 1
(518) 1
(519) 1
(523) 1
(524) 1
(528) 2
(532) 1
(534) 1
(537) 1
(541) 1
(546) 1
(547) 1
(551) 1
(556) 1
(559) 3
(561) 1
(562) 2
(564) 1
(567) 2
(571) 1
(575) 1
(582) 1
(583) 1
(587) 1
(588) 1
(589) 2
(590) 2
(593) 1
(595) 1
(597) 1
(608) 1
(610) 1
(614) 2
(623) 1
(627) 1
(628) 1
(631) 1
(634) 1
(637) 1
(639) 1
(642) 1
(647) 1
(655) 1
(657) 2
(660) 1
(666) 1
(672) 1
(674) 2
(687) 1
(688) 1
(702) 2
(704) 1
(706) 1
(707) 2
(709) 2
(716) 1
(717) 1
(720) 3
(721) 1
(722) 1
(733) 1
(737) 1
(739) 2
(745) 1
(747) 1
(751) 1
(754) 1
(756) 2
(761) 1
(767) 1
(914) 1
(943) 1
(1091) 1
(1135) 1
(1457) 1
(1470) 1
(1573) 1
(1593) 1
(1661) 1
(1808) 1
(2137) 1
(2654) 1
(3069) 1
(3510) 1
(3683) 1
(4133) 1
(4210) 1
(6019) 1
(6553) 24
(-1) -1
"BGO_ModID00_ChID03" (8000)
Tue Aug 27 21:43:35 2019
 3
1 long 
("BGOarray.raw.chanid003.adc")
(0 40000) 
--------------------------------------------
(0) 10387
(1) 6
(2) 9
(3) 20
(4) 10
(5) 14
(6) 12
(7) 11
(8) 16
(9) 11
(10) 16
(11) 14
(12) 15
(13) 21
(14) 27
(15) 64
(16) 72
(17) 62
(18) 54
(19) 32
(20) 31
(21) 29
(22) 17
(23) 22
(24) 27
(25) 13
(26) 15
(27) 13
(28) 5
(29) 7
(30) 8
(31) 5
(32) 9
(33) 6
(34) 4
(35) 4
(36) 2
(37) 3
(38) 3
(39) 4
(40) 3
(41) 3
(42) 5
(43) 7
(44) 6
(45) 18
(46) 10
(47) 20
(48) 25
(49) 29
(50) 36
(51) 36
(52) 28
(53) 27
(54) 48
(55) 50
(56) 51
(57) 77
(58) 77
(59) 71
(60) 86
(61) 74
(62) 103
(63) 128
(64) 136
(65) 106
(66) 148
(67) 137
(68) 144
(69) 165
(70) 166
(71) 179
(72) 159
(73) 160
(74) 182
(75) 174
(76) 182
(77) 205
(78) 164
(79) 177
(80) 168
(81) 190
(82) 167
(83) 169
(84) 179
(85) 165
(86) 190
(87) 197
(88) 160
(89) 171
(90) 158
(91) 163
(92) 173
(93) 170
(94) 176
(95) 174
(96) 195
(97) 149
(98) 153
(99) 168
(100) 144
(101) 158
(102) 138
(103) 165
(104) 166
(105) 160
(106) 155
(107) 161
(108) 137
(109) 147
(110) 173
(111) 140
(112) 158
(113) 146
(114) 163
(115) 147
(116) 164
(117) 128
(118) 182
(119) 158
(120) 154
(121) 156
(122) 160
(123) 160
(124) 144
(125) 162
(126) 157
(127) 164
(128) 155
(129) 158
(130) 159
(131) 146
(132) 150
(133) 140
(134) 157
(135) 136
(136) 164
(137) 147
(138) 166
(139) 155
(140) 180
(141) 171
(142) 174
(143) 165
(144) 166
(145) 159
(146) 154
(147) 171
(148) 171
(149) 172
(150) 141
(151) 175
(152) 162
(153) 173
(154) 158
(155) 163
(156) 179
(157) 181
(158) 196
(159) 185
(160) 204
(161) 191
(162) 208
(163) 217
(164) 208
(165) 258
(166) 252
(167) 251
(168) 299
(169) 285
(170) 316
(171) 331
(172) 362
(173) 405
(174) 417
(175) 421
(176) 471
(177) 487
(178) 544
(179) 565
(180) 598
(181) 673
(182) 735
(183) 742
(184) 752
(185) 811
(186) 895
(187) 891
(188) 958
(189) 913
(190) 999
(191) 1003
(192) 1016
(193) 996
(194) 995
(195) 1023
(196) 1046
(197) 1034
(198) 986
(199) 1001
(200) 960
(201) 957
(202) 906
(203) 908
(204) 842
(205) 838
(206) 759
(207) 775
(208) 705
(209) 652
(210) 628
(211) 584
(212) 555
(213) 546
(214) 477
(215) 446
(216) 408
(217) 400
(218) 335
(219) 306
(220) 292
(221) 268
(222) 263
(223) 255
(224) 225
(225) 217
(226) 179
(227) 178
(228) 156
(229) 165
(230) 126
(231) 145
(232) 124
(233) 120
(234) 110
(235) 112
(236) 110
(237) 76
(238) 107
(239) 99
(240) 107
(241) 86
(242) 80
(243) 100
(244) 94
(245) 87
(246) 83
(247) 112
(248) 97
(249) 72
(250) 67
(251) 88
(252) 85
(253) 89
(254) 80
(255) 84
(256) 94
(257) 59
(258) 83
(259) 66
(260) 71
(261) 71
(262) 83
(263) 79
(264) 85
(265) 61
(266) 93
(267) 76
(268) 70
(269) 76
(270) 79
(271) 80
(272) 78
(273) 69
(274) 80
(275) 79
(276) 74
(277) 91
(278) 61
(279) 63
(280) 75
(281) 84
(282) 55
(283) 59
(284) 68
(285) 58
(286) 64
(287) 44
(288) 78
(289) 79
(290) 56
(291) 64
(292) 79
(293) 67
(294) 50
(295) 68
(296) 60
(297) 68
(298) 68
(299) 60
(300) 68
(301) 45
(302) 70
(303) 54
(304) 63
(305) 73
(306) 44
(307) 47
(308) 84
(309) 74
(310) 70
(311) 70
(312) 83
(313) 72
(314) 71
(315) 66
(316) 77
(317) 68
(318) 87
(319) 99
(320) 82
(321) 105
(322) 106
(323) 109
(324) 107
(325) 126
(326) 121
(327) 145
(328) 121
(329) 145
(330) 127
(331) 169
(332) 167
(333) 164
(334) 180
(335) 201
(336) 193
(337) 203
(338) 205
(339) 232
(340) 229
(341) 222
(342) 230
(343) 249
(344) 225
(345) 292
(346) 248
(347) 270
(348) 239
(349) 287
(350) 251
(351) 268
(352) 238
(353) 293
(354) 272
(355) 249
(356) 254
(357) 261
(358) 254
(359) 249
(360) 258
(361) 237
(362) 214
(363) 207
(364) 218
(365) 243
(366) 195
(367) 210
(368) 229
(369) 195
(370) 211
(371) 201
(372) 212
(373) 209
(374) 205
(375) 210
(376) 229
(377) 210
(378) 191
(379) 200
(380) 211
(381) 214
(382) 228
(383) 198
(384) 187
(385) 193
(386) 199
(387) 208
(388) 224
(389) 228
(390) 250
(391) 226
(392) 213
(393) 222
(394) 243
(395) 234
(396) 246
(397) 229
(398) 244
(399) 201
(400) 238
(401) 209
(402) 214
(403) 196
(404) 219
(405) 219
(406) 178
(407) 205
(408) 174
(409) 196
(410) 159
(411) 175
(412) 151
(413) 186
(414) 158
(415) 171
(416) 174
(417) 140
(418) 130
(419) 123
(420) 119
(421) 115
(422) 126
(423) 116
(424) 88
(425) 92
(426) 78
(427) 78
(428) 78
(429) 69
(430) 61
(431) 63
(432) 61
(433) 60
(434) 54
(435) 39
(436) 44
(437) 39
(438) 37
(439) 37
(440) 38
(441) 39
(442) 28
(443) 22
(444) 19
(445) 24
(446) 26
(447) 23
(448) 13
(449) 18
(450) 11
(451) 7
(452) 11
(453) 10
(454) 7
(455) 11
(456) 6
(457) 9
(458) 8
(459) 8
(460) 5
(461) 2
(462) 3
(463) 8
(464) 6
(466) 3
(467) 2
(468) 4
(470) 1
(472) 1
(473) 5
(474) 2
(475) 2
(476) 1
(477) 1
(478) 1
(479) 2
(480) 1
(481) 1
(482) 2
(483) 1
(488) 1
(492) 1
(493) 1
(494) 1
(497) 1
(498) 2
(500) 1
(508) 1
(509) 1
(512) 1
(513) 1
(514) 1
(518) 1
(519) 1
(522) 1
(524) 2
(525) 1
(527) 1
(532) 2
(535) 1
(540) 1
(543) 1
(549) 3
(552) 3
(555) 2
(556) 1
(560) 1
(563) 1
(564) 1
(567) 1
(569) 1
(574) 1
(575) 1
(576) 1
(578) 1
(604) 1
(605) 2
(606) 1
(607) 1
(612) 1
(615) 2
(616) 1
(626) 1
(637) 1
(639) 2
(640) 1
(653) 1
(659) 1
(682) 1
(683) 1
(684) 1
(689) 1
(691) 1
(698) 1
(707) 1
(719) 1
(724) 1
(725) 1
(728) 1
(730) 1
(733) 1
(734) 1
(737) 1
(742) 3
(743) 1
(747) 1
(751) 1
(755) 1
(756) 1
(757) 1
(766) 1
(776) 1
(777) 1
(778) 1
(780) 1
(783) 1
(788) 1
(794) 1
(799) 1
(814) 1
(896) 1
(1068) 1
(1394) 1
(1432) 1
(1555) 1
(1588) 1
(1889) 1
(1935) 1
(2003) 1
(2096) 1
(2170) 1
(2202) 1
(2382) 1
(2566) 1
(2587) 1
(3361) 1
(4280) 1
(5289) 1
(5511) 1
(5714) 1
(6553) 34
(-1) -1
"BGO_ModID00_ChID04" (8000)
Tue Aug 27 21:43:35 2019
 3
1 long 
("BGOarray.raw.chanid004.adc")
(0 40000) 
--------------------------------------------
(0) 11025
(1) 42
(2) 82
(3) 64
(4) 49
(5) 50
(6) 48
(7) 47
(8) 40
(9) 52
(10) 58
(11) 64
(12) 87
(13) 83
(14) 207
(15) 368
(16) 362
(17) 285
(18) 229
(19) 181
(20) 135
(21) 122
(22) 84
(23) 67
(24) 67
(25) 60
(26) 44
(27) 33
(28) 28
(29) 30
(30) 21
(31) 20
(32) 17
(33) 12
(34) 4
(35) 7
(36) 14
(37) 7
(38) 3
(39) 6
(40) 10
(41) 12
(42) 15
(43) 9
(44) 11
(45) 16
(46) 12
(47) 18
(48) 14
(49) 28
(50) 18
(51) 39
(52) 39
(53) 44
(54) 49
(55) 60
(56) 63
(57) 56
(58) 73
(59) 62
(60) 104
(61) 104
(62) 110
(63) 118
(64) 127
(65) 123
(66) 138
(67) 127
(68) 146
(69) 141
(70) 176
(71) 168
(72) 185
(73) 186
(74) 158
(75) 187
(76) 167
(77) 190
(78) 184
(79) 197
(80) 187
(81) 189
(82) 188
(83) 194
(84) 200
(85) 180
(86) 186
(87) 179
(88) 184
(89) 183
(90) 172
(91) 177
(92) 201
(93) 184
(94) 153
(95) 178
(96) 187
(97) 172
(98) 157
(99) 177
(100) 188
(101) 144
(102) 159
(103) 160
(104) 167
(105) 160
(106) 158
(107) 170
(108) 170
(109) 177
(110) 163
(111) 186
(112) 161
(113) 172
(114) 197
(115) 180
(116) 190
(117) 177
(118) 170
(119) 186
(120) 180
(121) 186
(122) 166
(123) 159
(124) 174
(125) 177
(126) 216
(127) 175
(128) 176
(129) 156
(130) 201
(131) 175
(132) 190
(133) 196
(134) 192
(135) 171
(136) 209
(137) 199
(138) 196
(139) 190
(140) 186
(141) 181
(142) 210
(143) 185
(144) 190
(145) 198
(146) 193
(147) 200
(148) 205
(149) 185
(150) 193
(151) 201
(152) 188
(153) 220
(154) 199
(155) 196
(156) 213
(157) 204
(158) 190
(159) 193
(160) 215
(161) 219
(162) 214
(163) 191
(164) 213
(165) 207
(166) 214
(167) 196
(168) 222
(169) 212
(170) 213
(171) 198
(172) 212
(173) 202
(174) 196
(175) 221
(176) 205
(177) 198
(178) 213
(179) 203
(180) 211
(181) 216
(182) 249
(183) 249
(184) 291
(185) 251
(186) 268
(187) 289
(188) 303
(189) 300
(190) 338
(191) 375
(192) 377
(193) 453
(194) 421
(195) 522
(196) 518
(197) 590
(198) 568
(199) 660
(200) 650
(201) 687
(202) 772
(203) 802
(204) 838
(205) 900
(206) 881
(207) 992
(208) 1020
(209) 1020
(210) 1070
(211) 1059
(212) 1126
(213) 1195
(214) 1215
(215) 1127
(216) 1236
(217) 1218
(218) 1269
(219) 1229
(220) 1242
(221) 1202
(222) 1212
(223) 1147
(224) 1159
(225) 1104
(226) 1093
(227) 1038
(228) 993
(229) 962
(230) 957
(231) 850
(232) 783
(233) 801
(234) 743
(235) 713
(236) 632
(237) 607
(238) 573
(239) 534
(240) 490
(241) 471
(242) 440
(243) 376
(244) 390
(245) 330
(246) 305
(247) 317
(248) 246
(249) 279
(250) 205
(251) 204
(252) 183
(253) 173
(254) 164
(255) 148
(256) 153
(257) 149
(258) 149
(259) 130
(260) 121
(261) 123
(262) 125
(263) 98
(264) 114
(265) 100
(266) 97
(267) 112
(268) 99
(269) 89
(270) 99
(271) 90
(272) 109
(273) 91
(274) 102
(275) 78
(276) 81
(277) 103
(278) 87
(279) 77
(280) 71
(281) 81
(282) 95
(283) 101
(284) 83
(285) 73
(286) 95
(287) 72
(288) 102
(289) 78
(290) 80
(291) 67
(292) 79
(293) 80
(294) 88
(295) 96
(296) 83
(297) 69
(298) 80
(299) 82
(300) 69
(301) 81
(302) 76
(303) 52
(304) 87
(305) 73
(306) 58
(307) 90
(308) 75
(309) 78
(310) 75
(311) 69
(312) 72
(313) 60
(314) 69
(315) 63
(316) 59
(317) 75
(318) 61
(319) 58
(320) 64
(321) 83
(322) 56
(323) 60
(324) 58
(325) 70
(326) 50
(327) 55
(328) 45
(329) 63
(330) 55
(331) 62
(332) 70
(333) 67
(334) 55
(335) 64
(336) 56
(337) 75
(338) 54
(339) 56
(340) 53
(341) 65
(342) 77
(343) 49
(344) 67
(345) 65
(346) 54
(347) 68
(348) 63
(349) 66
(350) 67
(351) 84
(352) 63
(353) 77
(354) 87
(355) 93
(356) 79
(357) 87
(358) 98
(359) 102
(360) 121
(361) 102
(362) 111
(363) 121
(364) 132
(365) 133
(366) 155
(367) 155
(368) 162
(369) 170
(370) 174
(371) 175
(372) 201
(373) 200
(374) 209
(375) 211
(376) 243
(377) 239
(378) 225
(379) 233
(380) 263
(381) 277
(382) 270
(383) 257
(384) 244
(385) 259
(386) 294
(387) 270
(388) 295
(389) 288
(390) 310
(391) 294
(392) 267
(393) 287
(394) 314
(395) 299
(396) 277
(397) 288
(398) 286
(399) 292
(400) 300
(401) 289
(402) 275
(403) 261
(404) 232
(405) 269
(406) 248
(407) 249
(408) 250
(409) 260
(410) 251
(411) 239
(412) 240
(413) 227
(414) 245
(415) 223
(416) 193
(417) 226
(418) 212
(419) 209
(420) 200
(421) 195
(422) 205
(423) 228
(424) 222
(425) 217
(426) 225
(427) 242
(428) 211
(429) 205
(430) 224
(431) 211
(432) 213
(433) 231
(434) 273
(435) 223
(436) 216
(437) 241
(438) 275
(439) 258
(440) 216
(441) 260
(442) 248
(443) 272
(444) 251
(445) 274
(446) 260
(447) 235
(448) 262
(449) 224
(450) 244
(451) 214
(452) 220
(453) 213
(454) 206
(455) 201
(456) 197
(457) 214
(458) 180
(459) 184
(460) 184
(461) 190
(462) 160
(463) 172
(464) 142
(465) 138
(466) 147
(467) 115
(468) 130
(469) 132
(470) 115
(471) 106
(472) 109
(473) 108
(474) 98
(475) 91
(476) 87
(477) 84
(478) 76
(479) 66
(480) 58
(481) 59
(482) 60
(483) 51
(484) 50
(485) 38
(486) 38
(487) 28
(488) 34
(489) 26
(490) 41
(491) 30
(492) 15
(493) 21
(494) 20
(495) 10
(496) 18
(497) 18
(498) 24
(499) 13
(500) 9
(501) 8
(502) 7
(503) 8
(504) 8
(505) 9
(506) 14
(507) 7
(508) 7
(509) 5
(510) 5
(511) 5
(512) 5
(513) 3
(514) 2
(515) 4
(516) 2
(517) 3
(518) 5
(519) 2
(520) 4
(521) 4
(522) 1
(523) 2
(524) 2
(525) 1
(527) 1
(529) 1
(532) 1
(534) 1
(535) 2
(536) 2
(537) 2
(538) 2
(543) 1
(545) 1
(546) 1
(547) 1
(552) 2
(557) 1
(560) 1
(562) 2
(563) 1
(566) 1
(567) 1
(568) 1
(570) 2
(572) 1
(578) 1
(579) 3
(584) 1
(586) 1
(587) 2
(589) 2
(591) 2
(593) 1
(594) 1
(597) 1
(603) 1
(604) 1
(606) 1
(609) 1
(610) 2
(612) 1
(613) 1
(619) 2
(621) 1
(627) 1
(628) 1
(629) 1
(630) 1
(631) 2
(632) 1
(637) 1
(639) 1
(642) 1
(643) 1
(648) 1
(656) 1
(658) 1
(659) 1
(663) 1
(666) 1
(670) 2
(677) 1
(684) 1
(685) 2
(687) 1
(694) 1
(701) 1
(706) 1
(708) 2
(709) 1
(713) 1
(714) 1
(716) 1
(722) 1
(723) 1
(725) 1
(726) 1
(728) 1
(729) 1
(738) 1
(753) 1
(759) 1
(760) 1
(763) 1
(776) 1
(782) 1
(788) 1
(792) 1
(794) 1
(795) 1
(798) 1
(800) 1
(804) 1
(805) 1
(810) 1
(814) 1
(818) 1
(819) 2
(821) 1
(826) 1
(828) 1
(830) 2
(831) 1
(836) 2
(837) 1
(839) 1
(842) 2
(845) 2
(846) 1
(855) 1
(858) 1
(862) 1
(866) 1
(869) 1
(875) 1
(876) 1
(881) 1
(895) 1
(901) 1
(921) 1
(926) 1
(929) 1
(938) 1
(959) 1
(1020) 1
(1225) 1
(1291) 1
(1337) 1
(1435) 1
(1627) 1
(2174) 1
(2919) 1
(3391) 1
(3434) 1
(3909) 1
(4150) 1
(4400) 1
(4560) 1
(4694) 1
(4926) 1
(5721) 1
(6354) 1
(6553) 27
(-1) -1
"BGO_ModID00_ChID05" (8000)
Tue Aug 27 21:43:35 2019
 3
1 long 
("BGOarray.raw.chanid005.adc")
(0 40000) 
--------------------------------------------
(0) 12175
(1) 3
(2) 11
(3) 21
(4) 14
(5) 21
(6) 18
(7) 18
(8) 27
(9) 20
(10) 27
(11) 31
(12) 30
(13) 33
(14) 72
(15) 86
(16) 111
(17) 88
(18) 94
(19) 71
(20) 73
(21) 70
(22) 69
(23) 44
(24) 45
(25) 41
(26) 32
(27) 27
(28) 17
(29) 21
(30) 17
(31) 21
(32) 18
(33) 14
(34) 8
(35) 7
(36) 18
(37) 10
(38) 10
(39) 15
(40) 11
(41) 13
(42) 13
(43) 13
(44) 15
(45) 17
(46) 22
(47) 30
(48) 27
(49) 31
(50) 30
(51) 60
(52) 49
(53) 44
(54) 66
(55) 54
(56) 53
(57) 79
(58) 88
(59) 110
(60) 93
(61) 136
(62) 119
(63) 118
(64) 121
(65) 150
(66) 155
(67) 164
(68) 180
(69) 151
(70) 186
(71) 198
(72) 213
(73) 201
(74) 199
(75) 182
(76) 172
(77) 188
(78) 216
(79) 195
(80) 196
(81) 208
(82) 210
(83) 211
(84) 233
(85) 195
(86) 205
(87) 229
(88) 175
(89) 219
(90) 201
(91) 188
(92) 180
(93) 204
(94) 214
(95) 174
(96) 207
(97) 193
(98) 212
(99) 192
(100) 188
(101) 205
(102) 180
(103) 214
(104) 183
(105) 172
(106) 197
(107) 188
(108) 205
(109) 190
(110) 191
(111) 193
(112) 175
(113) 188
(114) 179
(115) 187
(116) 200
(117) 189
(118) 204
(119) 192
(120) 171
(121) 183
(122) 171
(123) 190
(124) 205
(125) 195
(126) 185
(127) 175
(128) 215
(129) 195
(130) 179
(131) 191
(132) 172
(133) 192
(134) 182
(135) 192
(136) 221
(137) 207
(138) 207
(139) 225
(140) 196
(141) 195
(142) 190
(143) 221
(144) 207
(145) 218
(146) 206
(147) 182
(148) 208
(149) 214
(150) 217
(151) 188
(152) 200
(153) 209
(154) 194
(155) 225
(156) 216
(157) 212
(158) 223
(159) 200
(160) 217
(161) 216
(162) 227
(163) 214
(164) 206
(165) 220
(166) 207
(167) 199
(168) 204
(169) 197
(170) 231
(171) 229
(172) 243
(173) 205
(174) 240
(175) 230
(176) 235
(177) 243
(178) 271
(179) 274
(180) 282
(181) 309
(182) 283
(183) 328
(184) 384
(185) 379
(186) 389
(187) 399
(188) 385
(189) 456
(190) 514
(191) 588
(192) 562
(193) 579
(194) 684
(195) 741
(196) 812
(197) 828
(198) 886
(199) 900
(200) 938
(201) 995
(202) 991
(203) 1088
(204) 1136
(205) 1158
(206) 1185
(207) 1273
(208) 1254
(209) 1293
(210) 1304
(211) 1287
(212) 1305
(213) 1287
(214) 1337
(215) 1211
(216) 1165
(217) 1200
(218) 1186
(219) 1129
(220) 1127
(221) 1084
(222) 1050
(223) 998
(224) 930
(225) 918
(226) 878
(227) 806
(228) 797
(229) 728
(230) 694
(231) 668
(232) 600
(233) 570
(234) 561
(235) 517
(236) 432
(237) 460
(238) 416
(239) 391
(240) 333
(241) 279
(242) 287
(243) 272
(244) 220
(245) 211
(246) 206
(247) 190
(248) 209
(249) 190
(250) 179
(251) 158
(252) 157
(253) 143
(254) 138
(255) 124
(256) 113
(257) 119
(258) 117
(259) 106
(260) 116
(261) 116
(262) 91
(263) 113
(264) 95
(265) 108
(266) 73
(267) 89
(268) 97
(269) 92
(270) 101
(271) 99
(272) 81
(273) 101
(274) 88
(275) 89
(276) 87
(277) 93
(278) 99
(279) 93
(280) 87
(281) 84
(282) 75
(283) 85
(284) 80
(285) 85
(286) 69
(287) 73
(288) 117
(289) 83
(290) 85
(291) 87
(292) 89
(293) 73
(294) 69
(295) 91
(296) 75
(297) 73
(298) 73
(299) 77
(300) 86
(301) 65
(302) 67
(303) 71
(304) 65
(305) 61
(306) 65
(307) 76
(308) 67
(309) 56
(310) 59
(311) 60
(312) 72
(313) 68
(314) 59
(315) 67
(316) 67
(317) 64
(318) 43
(319) 39
(320) 62
(321) 64
(322) 75
(323) 57
(324) 63
(325) 79
(326) 61
(327) 67
(328) 52
(329) 61
(330) 66
(331) 69
(332) 70
(333) 52
(334) 76
(335) 57
(336) 57
(337) 73
(338) 73
(339) 69
(340) 75
(341) 97
(342) 62
(343) 94
(344) 76
(345) 95
(346) 106
(347) 91
(348) 104
(349) 103
(350) 137
(351) 110
(352) 132
(353) 133
(354) 135
(355) 173
(356) 151
(357) 159
(358) 178
(359) 175
(360) 196
(361) 215
(362) 188
(363) 224
(364) 232
(365) 216
(366) 247
(367) 258
(368) 260
(369) 238
(370) 251
(371) 278
(372) 271
(373) 279
(374) 306
(375) 282
(376) 280
(377) 283
(378) 266
(379) 283
(380) 316
(381) 326
(382) 303
(383) 296
(384) 269
(385) 255
(386) 307
(387) 348
(388) 285
(389) 283
(390) 293
(391) 273
(392) 278
(393) 264
(394) 246
(395) 253
(396) 251
(397) 255
(398) 241
(399) 276
(400) 245
(401) 231
(402) 242
(403) 260
(404) 245
(405) 246
(406) 264
(407) 248
(408) 248
(409) 238
(410) 223
(411) 230
(412) 197
(413) 244
(414) 221
(415) 240
(416) 226
(417) 243
(418) 208
(419) 245
(420) 246
(421) 232
(422) 260
(423) 244
(424) 230
(425) 241
(426) 255
(427) 242
(428) 270
(429) 226
(430) 267
(431) 249
(432) 249
(433) 244
(434) 238
(435) 231
(436) 209
(437) 238
(438) 217
(439) 243
(440) 213
(441) 233
(442) 232
(443) 245
(444) 239
(445) 208
(446) 190
(447) 176
(448) 193
(449) 177
(450) 208
(451) 168
(452) 182
(453) 156
(454) 152
(455) 146
(456) 145
(457) 133
(458) 129
(459) 127
(460) 123
(461) 111
(462) 84
(463) 97
(464) 91
(465) 82
(466) 69
(467) 86
(468) 70
(469) 61
(470) 60
(471) 52
(472) 63
(473) 53
(474) 44
(475) 48
(476) 43
(477) 49
(478) 38
(479) 30
(480) 33
(481) 22
(482) 11
(483) 23
(484) 20
(485) 18
(486) 21
(487) 14
(488) 13
(489) 11
(490) 13
(491) 9
(492) 7
(493) 13
(494) 11
(495) 2
(496) 6
(497) 11
(498) 6
(499) 7
(500) 4
(501) 6
(502) 5
(503) 4
(504) 2
(505) 3
(506) 2
(507) 1
(508) 4
(509) 2
(510) 1
(511) 4
(512) 2
(513) 4
(514) 3
(515) 1
(517) 1
(518) 1
(519) 2
(520) 1
(523) 3
(525) 1
(526) 1
(528) 4
(529) 1
(530) 2
(532) 1
(533) 1
(534) 1
(535) 1
(539) 1
(541) 1
(543) 1
(545) 1
(547) 1
(548) 1
(549) 1
(550) 1
(557) 1
(561) 1
(569) 1
(570) 1
(571) 1
(572) 1
(573) 1
(574) 1
(575) 1
(578) 1
(585) 1
(588) 1
(590) 1
(591) 1
(592) 1
(593) 1
(596) 2
(599) 1
(600) 1
(601) 1
(604) 1
(606) 1
(609) 1
(613) 1
(617) 1
(619) 2
(620) 1
(624) 1
(633) 1
(634) 1
(639) 2
(651) 1
(657) 1
(658) 1
(660) 1
(662) 1
(675) 2
(686) 1
(693) 1
(698) 1
(699) 3
(701) 1
(704) 1
(705) 2
(708) 2
(714) 1
(718) 1
(719) 1
(721) 2
(723) 1
(724) 1
(730) 1
(733) 1
(740) 1
(747) 1
(749) 1
(751) 1
(752) 1
(753) 1
(755) 1
(758) 2
(759) 1
(765) 1
(766) 1
(777) 1
(778) 1
(779) 1
(789) 1
(793) 1
(794) 1
(797) 1
(798) 1
(804) 2
(805) 1
(806) 1
(807) 1
(808) 1
(809) 4
(812) 2
(816) 1
(817) 1
(819) 1
(820) 1
(827) 1
(843) 1
(844) 1
(865) 1
(870) 1
(872) 1
(874) 1
(876) 1
(881) 1
(892) 1
(897) 1
(899) 1
(907) 1
(951) 1
(1116) 1
(1306) 1
(1528) 1
(2088) 1
(2107) 1
(2159) 1
(2202) 1
(2287) 1
(2346) 1
(2570) 1
(3075) 1
(3882) 1
(3886) 1
(4033) 1
(4151) 1
(4301) 1
(4359) 1
(4911) 1
(6553) 26
(-1) -1
"BGO_ModID00_ChID06" (8000)
Tue Aug 27 21:43:35 2019
 3
1 long 
("BGOarray.raw.chanid006.adc")
(0 40000) 
--------------------------------------------
(-1) -1
"BGO_ModID00_ChID07" (8000)
Tue Aug 27 21:43:35 2019
 3
1 long 
("BGOarray.raw.chanid007.adc")
(0 40000) 
--------------------------------------------
(0) 13328
(1) 7
(2) 3
(3) 3
(4) 3
(5) 3
(6) 3
(7) 6
(8) 3
(9) 6
(10) 12
(11) 12
(12) 5
(13) 10
(14) 9
(15) 21
(16) 14
(17) 16
(18) 9
(19) 13
(20) 11
(21) 6
(22) 9
(23) 7
(24) 7
(25) 3
(26) 1
(27) 7
(28) 2
(29) 2
(30) 1
(31) 2
(32) 1
(33) 2
(34) 3
(36) 4
(37) 2
(38) 1
(39) 2
(40) 1
(41) 5
(42) 3
(43) 2
(44) 1
(45) 6
(46) 6
(47) 8
(48) 10
(49) 14
(50) 18
(51) 34
(52) 32
(53) 30
(54) 38
(55) 43
(56) 38
(57) 42
(58) 67
(59) 66
(60) 56
(61) 77
(62) 92
(63) 109
(64) 109
(65) 101
(66) 109
(67) 118
(68) 123
(69) 141
(70) 144
(71) 143
(72) 163
(73) 158
(74) 158
(75) 210
(76) 172
(77) 193
(78) 209
(79) 180
(80) 221
(81) 242
(82) 199
(83) 206
(84) 189
(85) 228
(86) 216
(87) 192
(88) 194
(89) 207
(90) 184
(91) 195
(92) 207
(93) 176
(94) 163
(95) 194
(96) 210
(97) 183
(98) 183
(99) 189
(100) 155
(101) 184
(102) 181
(103) 160
(104) 188
(105) 172
(106) 165
(107) 176
(108) 182
(109) 170
(110) 167
(111) 185
(112) 185
(113) 152
(114) 182
(115) 168
(116) 191
(117) 198
(118) 202
(119) 195
(120) 182
(121) 206
(122) 200
(123) 225
(124) 229
(125) 255
(126) 262
(127) 317
(128) 314
(129) 362
(130) 322
(131) 454
(132) 427
(133) 513
(134) 547
(135) 592
(136) 615
(137) 735
(138) 770
(139) 806
(140) 834
(141) 870
(142) 952
(143) 1038
(144) 1022
(145) 1046
(146) 1000
(147) 1056
(148) 1137
(149) 1066
(150) 1073
(151) 1089
(152) 1052
(153) 946
(154) 908
(155) 916
(156) 828
(157) 818
(158) 736
(159) 625
(160) 603
(161) 543
(162) 506
(163) 458
(164) 417
(165) 351
(166) 356
(167) 323
(168) 282
(169) 268
(170) 249
(171) 185
(172) 196
(173) 149
(174) 166
(175) 131
(176) 153
(177) 141
(178) 108
(179) 117
(180) 127
(181) 119
(182) 109
(183) 110
(184) 116
(185) 99
(186) 100
(187) 87
(188) 94
(189) 91
(190) 98
(191) 106
(192) 98
(193) 101
(194) 96
(195) 126
(196) 85
(197) 92
(198) 113
(199) 85
(200) 101
(201) 92
(202) 81
(203) 96
(204) 105
(205) 99
(206) 74
(207) 100
(208) 79
(209) 83
(210) 83
(211) 99
(212) 76
(213) 83
(214) 101
(215) 84
(216) 65
(217) 64
(218) 84
(219) 78
(220) 83
(221) 63
(222) 68
(223) 77
(224) 86
(225) 84
(226) 91
(227) 75
(228) 73
(229) 83
(230) 61
(231) 61
(232) 77
(233) 64
(234) 73
(235) 86
(236) 67
(237) 79
(238) 73
(239) 77
(240) 96
(241) 106
(242) 104
(243) 88
(244) 116
(245) 117
(246) 127
(247) 147
(248) 133
(249) 136
(250) 164
(251) 170
(252) 184
(253) 213
(254) 222
(255) 208
(256) 245
(257) 241
(258) 259
(259) 296
(260) 302
(261) 278
(262) 276
(263) 276
(264) 309
(265) 271
(266) 312
(267) 322
(268) 320
(269) 333
(270) 317
(271) 322
(272) 301
(273) 327
(274) 306
(275) 320
(276) 291
(277) 288
(278) 269
(279) 263
(280) 258
(281) 272
(282) 241
(283) 250
(284) 224
(285) 263
(286) 257
(287) 225
(288) 244
(289) 238
(290) 249
(291) 248
(292) 216
(293) 254
(294) 273
(295) 239
(296) 248
(297) 277
(298) 268
(299) 238
(300) 252
(301) 257
(302) 262
(303) 266
(304) 261
(305) 249
(306) 250
(307) 225
(308) 254
(309) 256
(310) 294
(311) 250
(312) 224
(313) 247
(314) 229
(315) 226
(316) 199
(317) 184
(318) 162
(319) 164
(320) 177
(321) 138
(322) 159
(323) 126
(324) 131
(325) 109
(326) 108
(327) 79
(328) 81
(329) 83
(330) 67
(331) 63
(332) 62
(333) 55
(334) 41
(335) 39
(336) 42
(337) 33
(338) 21
(339) 26
(340) 18
(341) 12
(342) 25
(343) 8
(344) 10
(345) 10
(346) 9
(347) 10
(348) 11
(349) 13
(350) 7
(351) 4
(352) 8
(353) 4
(354) 3
(355) 4
(356) 2
(357) 4
(358) 3
(359) 5
(360) 1
(361) 2
(362) 2
(363) 1
(364) 2
(365) 1
(366) 2
(367) 1
(368) 1
(369) 1
(370) 1
(372) 1
(373) 2
(374) 1
(375) 3
(377) 2
(379) 1
(380) 1
(381) 2
(388) 1
(389) 1
(390) 1
(393) 1
(396) 1
(398) 1
(400) 1
(402) 1
(403) 1
(408) 1
(409) 1
(410) 2
(412) 1
(417) 1
(420) 1
(421) 1
(423) 1
(424) 1
(427) 1
(433) 3
(435) 2
(437) 1
(440) 1
(445) 1
(447) 1
(448) 1
(453) 2
(460) 1
(462) 2
(468) 2
(471) 2
(472) 1
(476) 1
(479) 1
(483) 2
(493) 4
(497) 1
(498) 1
(507) 1
(514) 2
(515) 1
(518) 1
(520) 1
(530) 1
(535) 1
(540) 1
(548) 1
(554) 1
(557) 1
(558) 1
(559) 1
(564) 2
(565) 2
(566) 1
(568) 2
(571) 1
(575) 1
(576) 1
(578) 1
(580) 1
(581) 1
(582) 1
(589) 1
(591) 1
(595) 2
(597) 1
(602) 1
(603) 1
(606) 2
(607) 1
(612) 1
(616) 1
(620) 1
(623) 1
(625) 1
(630) 1
(634) 1
(635) 1
(650) 1
(761) 1
(794) 1
(843) 1
(855) 1
(865) 1
(959) 1
(1075) 1
(1132) 1
(1332) 1
(1430) 1
(1465) 1
(1594) 1
(1691) 1
(1926) 1
(2037) 1
(2063) 1
(2172) 1
(2232) 1
(2331) 1
(2394) 1
(2738) 1
(2841) 1
(3255) 1
(3459) 1
(3783) 1
(4096) 1
(4209) 1
(4273) 1
(4390) 1
(4567) 1
(4743) 1
(5464) 1
(5850) 1
(6009) 1
(6553) 24
(-1) -1
"BGO_ModID00_ChID08" (8000)
Tue Aug 27 21:43:35 2019
 3
1 long 
("BGOarray.raw.chanid008.adc")
(0 40000) 
--------------------------------------------
(0) 10400
(1) 7
(2) 4
(3) 3
(4) 6
(5) 4
(6) 2
(7) 7
(8) 5
(9) 2
(10) 11
(11) 9
(12) 10
(13) 7
(14) 14
(15) 31
(16) 25
(17) 27
(18) 22
(19) 16
(20) 20
(21) 17
(22) 11
(23) 4
(24) 3
(25) 2
(26) 4
(27) 2
(29) 2
(30) 1
(31) 4
(32) 1
(33) 6
(34) 2
(35) 2
(36) 1
(37) 1
(38) 4
(39) 3
(40) 4
(41) 3
(42) 5
(43) 4
(44) 6
(45) 13
(46) 5
(47) 11
(48) 18
(49) 29
(50) 19
(51) 30
(52) 35
(53) 38
(54) 38
(55) 60
(56) 62
(57) 63
(58) 63
(59) 80
(60) 105
(61) 83
(62) 107
(63) 123
(64) 145
(65) 146
(66) 152
(67) 170
(68) 157
(69) 176
(70) 175
(71) 155
(72) 176
(73) 178
(74) 202
(75) 188
(76) 166
(77) 188
(78) 195
(79) 208
(80) 197
(81) 210
(82) 197
(83) 185
(84) 219
(85) 202
(86) 227
(87) 202
(88) 212
(89) 195
(90) 196
(91) 194
(92) 213
(93) 214
(94) 207
(95) 175
(96) 202
(97) 200
(98) 198
(99) 179
(100) 182
(101) 199
(102) 191
(103) 173
(104) 188
(105) 185
(106) 182
(107) 193
(108) 195
(109) 208
(110) 168
(111) 183
(112) 186
(113) 183
(114) 166
(115) 202
(116) 197
(117) 179
(118) 192
(119) 185
(120) 194
(121) 188
(122) 182
(123) 207
(124) 169
(125) 205
(126) 199
(127) 215
(128) 229
(129) 181
(130) 203
(131) 217
(132) 205
(133) 202
(134) 213
(135) 202
(136) 215
(137) 205
(138) 218
(139) 197
(140) 215
(141) 223
(142) 186
(143) 220
(144) 211
(145) 212
(146) 224
(147) 207
(148) 222
(149) 231
(150) 215
(151) 215
(152) 214
(153) 202
(154) 199
(155) 208
(156) 193
(157) 209
(158) 234
(159) 182
(160) 232
(161) 222
(162) 182
(163) 243
(164) 237
(165) 251
(166) 215
(167) 235
(168) 233
(169) 242
(170) 249
(171) 264
(172) 259
(173) 276
(174) 299
(175) 316
(176) 320
(177) 342
(178) 369
(179) 405
(180) 457
(181) 470
(182) 427
(183) 516
(184) 622
(185) 605
(186) 652
(187) 702
(188) 774
(189) 823
(190) 867
(191) 921
(192) 1062
(193) 1078
(194) 1090
(195) 1160
(196) 1199
(197) 1308
(198) 1291
(199) 1361
(200) 1292
(201) 1350
(202) 1441
(203) 1420
(204) 1450
(205) 1406
(206) 1415
(207) 1376
(208) 1305
(209) 1296
(210) 1254
(211) 1282
(212) 1198
(213) 1162
(214) 1076
(215) 1023
(216) 989
(217) 919
(218) 877
(219) 781
(220) 758
(221) 649
(222) 652
(223) 575
(224) 550
(225) 507
(226) 466
(227) 433
(228) 397
(229) 324
(230) 323
(231) 277
(232) 257
(233) 250
(234) 223
(235) 207
(236) 200
(237) 189
(238) 156
(239) 121
(240) 148
(241) 129
(242) 112
(243) 147
(244) 112
(245) 126
(246) 106
(247) 110
(248) 122
(249) 117
(250) 102
(251) 99
(252) 89
(253) 103
(254) 78
(255) 95
(256) 97
(257) 98
(258) 85
(259) 90
(260) 98
(261) 88
(262) 94
(263) 100
(264) 100
(265) 88
(266) 72
(267) 94
(268) 94
(269) 91
(270) 105
(271) 77
(272) 104
(273) 97
(274) 81
(275) 106
(276) 81
(277) 69
(278) 100
(279) 88
(280) 90
(281) 85
(282) 91
(283) 88
(284) 89
(285) 83
(286) 77
(287) 80
(288) 75
(289) 78
(290) 85
(291) 78
(292) 66
(293) 67
(294) 78
(295) 80
(296) 63
(297) 69
(298) 56
(299) 80
(300) 58
(301) 71
(302) 66
(303) 69
(304) 85
(305) 66
(306) 66
(307) 61
(308) 63
(309) 57
(310) 67
(311) 69
(312) 62
(313) 55
(314) 52
(315) 64
(316) 66
(317) 73
(318) 61
(319) 47
(320) 55
(321) 54
(322) 62
(323) 65
(324) 82
(325) 62
(326) 58
(327) 60
(328) 65
(329) 66
(330) 83
(331) 72
(332) 93
(333) 100
(334) 85
(335) 87
(336) 105
(337) 112
(338) 107
(339) 117
(340) 121
(341) 133
(342) 164
(343) 155
(344) 174
(345) 152
(346) 159
(347) 171
(348) 202
(349) 202
(350) 207
(351) 224
(352) 224
(353) 211
(354) 261
(355) 263
(356) 267
(357) 267
(358) 296
(359) 313
(360) 320
(361) 302
(362) 294
(363) 307
(364) 278
(365) 296
(366) 319
(367) 329
(368) 301
(369) 328
(370) 295
(371) 352
(372) 320
(373) 285
(374) 300
(375) 323
(376) 297
(377) 279
(378) 275
(379) 293
(380) 289
(381) 277
(382) 257
(383) 241
(384) 287
(385) 237
(386) 236
(387) 224
(388) 217
(389) 218
(390) 224
(391) 216
(392) 228
(393) 233
(394) 199
(395) 187
(396) 200
(397) 237
(398) 200
(399) 229
(400) 204
(401) 221
(402) 262
(403) 228
(404) 252
(405) 238
(406) 236
(407) 247
(408) 257
(409) 245
(410) 231
(411) 267
(412) 270
(413) 268
(414) 273
(415) 287
(416) 283
(417) 275
(418) 282
(419) 253
(420) 270
(421) 276
(422) 272
(423) 263
(424) 233
(425) 217
(426) 242
(427) 234
(428) 213
(429) 202
(430) 189
(431) 171
(432) 175
(433) 190
(434) 190
(435) 171
(436) 150
(437) 126
(438) 133
(439) 125
(440) 130
(441) 119
(442) 130
(443) 116
(444) 108
(445) 84
(446) 95
(447) 88
(448) 80
(449) 76
(450) 65
(451) 57
(452) 41
(453) 51
(454) 38
(455) 51
(456) 43
(457) 38
(458) 33
(459) 32
(460) 28
(461) 34
(462) 22
(463) 30
(464) 23
(465) 18
(466) 17
(467) 11
(468) 19
(469) 12
(470) 10
(471) 11
(472) 5
(473) 8
(474) 7
(475) 5
(476) 9
(477) 3
(478) 4
(479) 3
(480) 6
(481) 2
(482) 2
(483) 6
(484) 1
(485) 4
(486) 5
(487) 2
(488) 1
(489) 1
(490) 2
(491) 2
(492) 1
(493) 1
(494) 1
(498) 1
(500) 1
(502) 1
(504) 2
(506) 1
(507) 1
(508) 1
(510) 1
(512) 1
(515) 1
(516) 1
(517) 1
(518) 1
(519) 1
(524) 2
(528) 1
(530) 1
(531) 1
(532) 2
(534) 1
(537) 1
(538) 1
(540) 1
(541) 1
(542) 2
(543) 3
(546) 1
(549) 1
(552) 2
(553) 2
(554) 1
(555) 1
(558) 2
(561) 1
(564) 1
(569) 1
(574) 1
(578) 1
(580) 1
(591) 1
(593) 1
(594) 1
(596) 2
(597) 2
(599) 1
(603) 1
(606) 1
(607) 1
(608) 1
(610) 2
(612) 2
(616) 1
(619) 1
(620) 1
(626) 1
(627) 1
(632) 1
(641) 1
(643) 1
(648) 1
(651) 2
(657) 1
(664) 1
(667) 1
(669) 1
(670) 1
(673) 1
(674) 1
(678) 1
(684) 1
(685) 1
(689) 1
(695) 1
(701) 1
(704) 1
(706) 1
(714) 1
(721) 1
(729) 1
(733) 1
(749) 1
(756) 1
(761) 1
(764) 1
(766) 2
(767) 2
(768) 1
(769) 1
(771) 1
(772) 1
(775) 3
(776) 2
(778) 1
(779) 1
(783) 1
(788) 1
(789) 1
(790) 1
(793) 1
(795) 2
(796) 1
(799) 1
(806) 1
(809) 1
(815) 1
(816) 2
(819) 1
(821) 1
(829) 1
(833) 1
(836) 1
(845) 1
(858) 1
(866) 1
(946) 1
(1042) 1
(1060) 1
(1076) 1
(1183) 1
(1234) 1
(1250) 1
(1471) 1
(1479) 1
(1512) 1
(1869) 1
(2389) 1
(3575) 1
(3735) 1
(3958) 1
(4465) 1
(4783) 1
(5658) 1
(6135) 1
(6275) 1
(6553) 23
(-1) -1
"BGO_ModID00_ChID09" (8000)
Tue Aug 27 21:43:35 2019
 3
1 long 
("BGOarray.raw.chanid009.adc")
(0 40000) 
--------------------------------------------
(0) 15338
(1) 28
(2) 28
(3) 40
(4) 47
(5) 28
(6) 39
(7) 28
(8) 34
(9) 50
(10) 53
(11) 48
(12) 58
(13) 79
(14) 135
(15) 219
(16) 249
(17) 244
(18) 203
(19) 174
(20) 138
(21) 126
(22) 100
(23) 84
(24) 84
(25) 58
(26) 56
(27) 38
(28) 36
(29) 39
(30) 28
(31) 25
(32) 28
(33) 11
(34) 19
(35) 19
(36) 15
(37) 10
(38) 13
(39) 11
(40) 10
(41) 21
(42) 12
(43) 16
(44) 18
(45) 20
(46) 29
(47) 23
(48) 25
(49) 42
(50) 49
(51) 55
(52) 57
(53) 55
(54) 68
(55) 65
(56) 75
(57) 93
(58) 84
(59) 111
(60) 111
(61) 127
(62) 119
(63) 133
(64) 153
(65) 159
(66) 161
(67) 168
(68) 158
(69) 192
(70) 215
(71) 189
(72) 205
(73) 214
(74) 191
(75) 241
(76) 217
(77) 231
(78) 221
(79) 201
(80) 244
(81) 222
(82) 207
(83) 238
(84) 265
(85) 237
(86) 239
(87) 263
(88) 218
(89) 246
(90) 209
(91) 210
(92) 246
(93) 241
(94) 228
(95) 229
(96) 228
(97) 259
(98) 237
(99) 227
(100) 221
(101) 231
(102) 211
(103) 220
(104) 236
(105) 230
(106) 182
(107) 238
(108) 203
(109) 213
(110) 215
(111) 216
(112) 219
(113) 216
(114) 218
(115) 196
(116) 190
(117) 206
(118) 214
(119) 213
(120) 219
(121) 199
(122) 229
(123) 219
(124) 203
(125) 172
(126) 212
(127) 223
(128) 253
(129) 216
(130) 190
(131) 198
(132) 205
(133) 243
(134) 211
(135) 239
(136) 237
(137) 208
(138) 227
(139) 226
(140) 199
(141) 211
(142) 193
(143) 208
(144) 200
(145) 208
(146) 214
(147) 211
(148) 205
(149) 222
(150) 243
(151) 229
(152) 260
(153) 231
(154) 243
(155) 230
(156) 232
(157) 274
(158) 265
(159) 309
(160) 286
(161) 263
(162) 313
(163) 356
(164) 318
(165) 368
(166) 400
(167) 449
(168) 441
(169) 499
(170) 532
(171) 586
(172) 626
(173) 666
(174) 685
(175) 754
(176) 861
(177) 894
(178) 921
(179) 966
(180) 1023
(181) 1107
(182) 1163
(183) 1158
(184) 1317
(185) 1310
(186) 1271
(187) 1272
(188) 1305
(189) 1429
(190) 1415
(191) 1405
(192) 1417
(193) 1427
(194) 1403
(195) 1419
(196) 1346
(197) 1351
(198) 1343
(199) 1295
(200) 1280
(201) 1184
(202) 1185
(203) 1073
(204) 1033
(205) 995
(206) 955
(207) 851
(208) 866
(209) 801
(210) 674
(211) 655
(212) 638
(213) 629
(214) 530
(215) 488
(216) 449
(217) 407
(218) 385
(219) 354
(220) 362
(221) 315
(222) 311
(223) 258
(224) 293
(225) 256
(226) 231
(227) 211
(228) 199
(229) 184
(230) 208
(231) 178
(232) 167
(233) 138
(234) 144
(235) 141
(236) 135
(237) 138
(238) 117
(239) 116
(240) 130
(241) 118
(242) 116
(243) 102
(244) 93
(245) 105
(246) 93
(247) 101
(248) 109
(249) 102
(250) 111
(251) 82
(252) 107
(253) 103
(254) 118
(255) 79
(256) 134
(257) 108
(258) 115
(259) 101
(260) 76
(261) 84
(262) 80
(263) 92
(264) 101
(265) 94
(266) 84
(267) 76
(268) 94
(269) 83
(270) 90
(271) 69
(272) 80
(273) 79
(274) 74
(275) 92
(276) 108
(277) 78
(278) 71
(279) 98
(280) 73
(281) 82
(282) 69
(283) 76
(284) 77
(285) 72
(286) 72
(287) 72
(288) 59
(289) 63
(290) 68
(291) 74
(292) 77
(293) 71
(294) 72
(295) 80
(296) 73
(297) 85
(298) 75
(299) 72
(300) 66
(301) 76
(302) 52
(303) 75
(304) 75
(305) 82
(306) 90
(307) 86
(308) 98
(309) 96
(310) 97
(311) 105
(312) 92
(313) 114
(314) 133
(315) 111
(316) 128
(317) 131
(318) 151
(319) 140
(320) 162
(321) 155
(322) 181
(323) 184
(324) 213
(325) 210
(326) 212
(327) 194
(328) 234
(329) 266
(330) 240
(331) 244
(332) 279
(333) 285
(334) 265
(335) 308
(336) 304
(337) 293
(338) 300
(339) 304
(340) 330
(341) 311
(342) 297
(343) 333
(344) 327
(345) 318
(346) 315
(347) 359
(348) 308
(349) 312
(350) 327
(351) 305
(352) 303
(353) 343
(354) 309
(355) 332
(356) 287
(357) 320
(358) 264
(359) 287
(360) 292
(361) 292
(362) 298
(363) 276
(364) 253
(365) 309
(366) 291
(367) 286
(368) 262
(369) 266
(370) 278
(371) 287
(372) 278
(373) 284
(374) 277
(375) 282
(376) 281
(377) 264
(378) 285
(379) 267
(380) 293
(381) 274
(382) 240
(383) 234
(384) 277
(385) 270
(386) 263
(387) 281
(388) 285
(389) 269
(390) 311
(391) 300
(392) 270
(393) 302
(394) 288
(395) 238
(396) 289
(397) 272
(398) 283
(399) 272
(400) 262
(401) 249
(402) 265
(403) 234
(404) 228
(405) 204
(406) 231
(407) 187
(408) 198
(409) 198
(410) 178
(411) 190
(412) 180
(413) 153
(414) 155
(415) 182
(416) 140
(417) 126
(418) 116
(419) 123
(420) 108
(421) 126
(422) 103
(423) 98
(424) 78
(425) 75
(426) 81
(427) 59
(428) 75
(429) 57
(430) 52
(431) 60
(432) 49
(433) 33
(434) 34
(435) 49
(436) 44
(437) 27
(438) 30
(439) 31
(440) 27
(441) 23
(442) 19
(443) 16
(444) 25
(445) 16
(446) 23
(447) 16
(448) 17
(449) 15
(450) 14
(451) 12
(452) 5
(453) 8
(454) 3
(455) 6
(456) 4
(457) 7
(458) 5
(459) 6
(460) 5
(461) 6
(462) 2
(463) 2
(464) 3
(465) 2
(467) 2
(468) 3
(469) 1
(471) 3
(473) 1
(475) 2
(476) 1
(478) 1
(479) 3
(481) 1
(482) 2
(484) 2
(487) 3
(488) 1
(492) 1
(495) 1
(497) 2
(498) 1
(499) 1
(500) 2
(504) 1
(505) 2
(506) 4
(508) 1
(511) 1
(518) 3
(519) 2
(522) 1
(523) 1
(526) 1
(527) 1
(529) 1
(531) 1
(534) 1
(537) 1
(538) 1
(539) 1
(541) 1
(543) 2
(544) 1
(546) 2
(548) 1
(550) 2
(551) 2
(553) 1
(554) 1
(556) 1
(560) 1
(561) 1
(563) 1
(564) 1
(566) 2
(568) 1
(571) 2
(572) 1
(576) 1
(581) 1
(583) 1
(584) 1
(585) 2
(586) 2
(587) 2
(594) 1
(596) 1
(598) 1
(599) 1
(603) 2
(604) 1
(608) 1
(609) 1
(611) 1
(613) 2
(615) 1
(616) 1
(617) 1
(647) 2
(653) 2
(657) 1
(658) 1
(661) 1
(663) 1
(664) 1
(665) 1
(668) 1
(669) 1
(674) 1
(685) 1
(693) 1
(696) 1
(706) 1
(708) 1
(710) 1
(714) 1
(718) 1
(727) 2
(730) 1
(741) 1
(742) 1
(743) 2
(745) 1
(747) 1
(749) 2
(750) 1
(752) 2
(754) 2
(756) 1
(761) 1
(763) 1
(766) 4
(767) 1
(769) 2
(771) 1
(783) 1
(784) 1
(786) 1
(794) 1
(796) 1
(818) 1
(1025) 1
(1040) 1
(1198) 1
(1359) 1
(1382) 1
(1531) 1
(1589) 1
(1679) 1
(1707) 1
(2413) 1
(2434) 1
(2852) 1
(2859) 1
(3269) 1
(3426) 1
(5252) 1
(5306) 1
(5482) 1
(5728) 1
(6552) 2
(6553) 27
(-1) -1
"BGO_ModID00_ChID10" (8000)
Tue Aug 27 21:43:35 2019
 3
1 long 
("BGOarray.raw.chanid010.adc")
(0 40000) 
--------------------------------------------
(0) 14461
(1) 3
(2) 2
(3) 4
(4) 8
(5) 6
(6) 6
(7) 4
(8) 7
(9) 6
(10) 6
(11) 9
(12) 11
(13) 17
(14) 16
(15) 17
(16) 25
(17) 29
(18) 31
(19) 26
(20) 24
(21) 16
(22) 18
(23) 12
(24) 17
(25) 9
(26) 9
(27) 10
(28) 5
(29) 8
(30) 5
(31) 5
(32) 6
(33) 6
(34) 7
(35) 5
(36) 5
(37) 5
(38) 3
(39) 8
(40) 9
(41) 11
(42) 9
(43) 13
(44) 18
(45) 14
(46) 16
(47) 22
(48) 27
(49) 33
(50) 34
(51) 45
(52) 52
(53) 54
(54) 58
(55) 76
(56) 77
(57) 77
(58) 86
(59) 90
(60) 125
(61) 99
(62) 124
(63) 142
(64) 152
(65) 128
(66) 151
(67) 163
(68) 199
(69) 202
(70) 193
(71) 210
(72) 196
(73) 226
(74) 205
(75) 228
(76) 227
(77) 218
(78) 236
(79) 231
(80) 214
(81) 248
(82) 252
(83) 221
(84) 227
(85) 246
(86) 241
(87) 250
(88) 230
(89) 274
(90) 249
(91) 255
(92) 207
(93) 230
(94) 233
(95) 230
(96) 249
(97) 242
(98) 235
(99) 182
(100) 202
(101) 214
(102) 224
(103) 217
(104) 205
(105) 203
(106) 216
(107) 216
(108) 226
(109) 243
(110) 228
(111) 248
(112) 244
(113) 198
(114) 233
(115) 208
(116) 235
(117) 187
(118) 213
(119) 246
(120) 235
(121) 215
(122) 225
(123) 225
(124) 233
(125) 216
(126) 209
(127) 222
(128) 194
(129) 241
(130) 231
(131) 258
(132) 231
(133) 243
(134) 214
(135) 232
(136) 199
(137) 212
(138) 195
(139) 225
(140) 215
(141) 238
(142) 217
(143) 223
(144) 238
(145) 213
(146) 215
(147) 232
(148) 210
(149) 251
(150) 247
(151) 244
(152) 233
(153) 286
(154) 255
(155) 251
(156) 278
(157) 264
(158) 273
(159) 284
(160) 302
(161) 304
(162) 332
(163) 373
(164) 369
(165) 396
(166) 452
(167) 486
(168) 501
(169) 560
(170) 605
(171) 651
(172) 667
(173) 762
(174) 849
(175) 928
(176) 956
(177) 1026
(178) 1056
(179) 1083
(180) 1261
(181) 1213
(182) 1284
(183) 1399
(184) 1430
(185) 1416
(186) 1474
(187) 1529
(188) 1470
(189) 1547
(190) 1538
(191) 1532
(192) 1539
(193) 1482
(194) 1499
(195) 1401
(196) 1423
(197) 1372
(198) 1339
(199) 1244
(200) 1109
(201) 1128
(202) 1025
(203) 981
(204) 958
(205) 934
(206) 825
(207) 786
(208) 717
(209) 691
(210) 626
(211) 572
(212) 550
(213) 453
(214) 412
(215) 374
(216) 384
(217) 343
(218) 296
(219) 266
(220) 237
(221) 249
(222) 231
(223) 215
(224) 178
(225) 196
(226) 153
(227) 137
(228) 144
(229) 133
(230) 118
(231) 138
(232) 124
(233) 125
(234) 128
(235) 112
(236) 110
(237) 116
(238) 119
(239) 111
(240) 102
(241) 107
(242) 116
(243) 109
(244) 96
(245) 92
(246) 102
(247) 91
(248) 95
(249) 76
(250) 107
(251) 89
(252) 109
(253) 93
(254) 84
(255) 106
(256) 94
(257) 99
(258) 105
(259) 89
(260) 92
(261) 113
(262) 94
(263) 105
(264) 86
(265) 90
(266) 81
(267) 92
(268) 98
(269) 95
(270) 82
(271) 89
(272) 101
(273) 92
(274) 64
(275) 78
(276) 72
(277) 86
(278) 88
(279) 90
(280) 72
(281) 61
(282) 77
(283) 61
(284) 79
(285) 68
(286) 61
(287) 81
(288) 85
(289) 64
(290) 84
(291) 69
(292) 63
(293) 75
(294) 67
(295) 89
(296) 62
(297) 81
(298) 75
(299) 53
(300) 72
(301) 74
(302) 89
(303) 87
(304) 74
(305) 85
(306) 91
(307) 111
(308) 98
(309) 97
(310) 86
(311) 125
(312) 118
(313) 143
(314) 156
(315) 146
(316) 142
(317) 133
(318) 173
(319) 181
(320) 202
(321) 184
(322) 190
(323) 213
(324) 217
(325) 257
(326) 242
(327) 287
(328) 273
(329) 237
(330) 321
(331) 316
(332) 298
(333) 326
(334) 334
(335) 353
(336) 330
(337) 353
(338) 326
(339) 341
(340) 344
(341) 357
(342) 358
(343) 367
(344) 363
(345) 339
(346) 346
(347) 326
(348) 326
(349) 341
(350) 386
(351) 304
(352) 302
(353) 344
(354) 344
(355) 323
(356) 299
(357) 266
(358) 310
(359) 287
(360) 313
(361) 257
(362) 294
(363) 267
(364) 257
(365) 254
(366) 264
(367) 289
(368) 277
(369) 242
(370) 241
(371) 282
(372) 273
(373) 263
(374) 265
(375) 279
(376) 274
(377) 327
(378) 288
(379) 315
(380) 294
(381) 266
(382) 310
(383) 261
(384) 287
(385) 299
(386) 302
(387) 313
(388) 314
(389) 290
(390) 284
(391) 314
(392) 276
(393) 302
(394) 282
(395) 294
(396) 264
(397) 262
(398) 232
(399) 256
(400) 231
(401) 261
(402) 224
(403) 211
(404) 221
(405) 195
(406) 191
(407) 170
(408) 193
(409) 176
(410) 141
(411) 137
(412) 138
(413) 133
(414) 112
(415) 95
(416) 105
(417) 105
(418) 81
(419) 81
(420) 92
(421) 52
(422) 54
(423) 68
(424) 66
(425) 47
(426) 39
(427) 36
(428) 38
(429) 37
(430) 27
(431) 26
(432) 33
(433) 30
(434) 19
(435) 25
(436) 21
(437) 19
(438) 26
(439) 17
(440) 12
(441) 11
(442) 10
(443) 7
(444) 9
(445) 6
(446) 5
(447) 6
(448) 4
(449) 4
(450) 3
(451) 9
(452) 4
(453) 5
(454) 5
(455) 3
(456) 5
(459) 1
(460) 2
(461) 3
(462) 2
(463) 1
(464) 3
(465) 1
(467) 3
(469) 2
(470) 2
(473) 3
(476) 1
(477) 1
(480) 4
(481) 1
(482) 2
(483) 2
(486) 1
(487) 1
(489) 1
(494) 1
(495) 1
(499) 1
(500) 1
(503) 1
(504) 1
(506) 2
(507) 1
(508) 2
(509) 4
(512) 1
(514) 1
(515) 1
(516) 1
(517) 1
(520) 3
(521) 1
(522) 2
(523) 3
(526) 3
(529) 1
(530) 1
(533) 1
(534) 1
(536) 2
(537) 1
(539) 2
(540) 1
(542) 3
(545) 2
(546) 1
(547) 3
(548) 1
(550) 1
(552) 2
(553) 2
(557) 1
(559) 1
(562) 2
(563) 1
(564) 1
(566) 1
(569) 1
(570) 1
(571) 2
(573) 2
(575) 2
(581) 1
(582) 1
(583) 2
(587) 1
(588) 1
(590) 1
(592) 3
(595) 1
(596) 1
(599) 1
(600) 1
(602) 1
(603) 1
(605) 1
(606) 1
(607) 1
(609) 1
(612) 1
(618) 1
(619) 1
(624) 1
(625) 1
(626) 1
(639) 1
(640) 1
(642) 1
(643) 1
(655) 1
(657) 1
(663) 1
(664) 1
(667) 1
(668) 2
(670) 3
(677) 1
(679) 1
(689) 1
(692) 1
(695) 1
(696) 2
(703) 1
(704) 1
(707) 1
(709) 1
(710) 2
(714) 1
(716) 2
(717) 1
(718) 1
(721) 1
(723) 1
(724) 1
(729) 1
(732) 1
(735) 1
(736) 1
(742) 1
(744) 2
(747) 1
(748) 1
(749) 1
(751) 1
(752) 1
(753) 2
(756) 3
(757) 1
(758) 1
(760) 1
(767) 1
(775) 1
(777) 2
(784) 1
(788) 1
(819) 1
(836) 1
(937) 1
(986) 1
(1072) 1
(1172) 1
(1305) 1
(1363) 1
(1383) 1
(1395) 1
(1602) 1
(1608) 1
(1654) 1
(1678) 1
(1679) 1
(2005) 1
(2066) 1
(2399) 1
(2431) 1
(2711) 1
(2838) 1
(2996) 1
(3123) 1
(3387) 1
(3442) 1
(4370) 1
(5012) 1
(5322) 1
(5532) 1
(5725) 1
(5727) 1
(5780) 1
(6274) 1
(6361) 1
(6553) 27
(-1) -1
"BGO_ModID00_ChID11" (8000)
Tue Aug 27 21:43:35 2019
 3
1 long 
("BGOarray.raw.chanid011.adc")
(0 40000) 
--------------------------------------------
(0) 13129
(1) 24
(2) 68
(3) 47
(4) 47
(5) 33
(6) 44
(7) 35
(8) 38
(9) 38
(10) 41
(11) 38
(12) 43
(13) 59
(14) 124
(15) 214
(16) 219
(17) 209
(18) 183
(19) 100
(20) 78
(21) 62
(22) 61
(23) 39
(24) 41
(25) 27
(26) 22
(27) 19
(28) 11
(29) 17
(30) 10
(31) 14
(32) 12
(33) 4
(34) 5
(35) 11
(36) 7
(37) 10
(38) 5
(39) 5
(40) 10
(41) 4
(42) 14
(43) 6
(44) 12
(45) 13
(46) 25
(47) 21
(48) 26
(49) 36
(50) 29
(51) 51
(52) 62
(53) 55
(54) 62
(55) 71
(56) 85
(57) 91
(58) 110
(59) 129
(60) 96
(61) 125
(62) 165
(63) 171
(64) 153
(65) 161
(66) 177
(67) 173
(68) 196
(69) 211
(70) 218
(71) 234
(72) 214
(73) 214
(74) 243
(75) 221
(76) 230
(77) 218
(78) 264
(79) 259
(80) 234
(81) 250
(82) 230
(83) 252
(84) 256
(85) 255
(86) 281
(87) 216
(88) 229
(89) 230
(90) 234
(91) 199
(92) 232
(93) 226
(94) 215
(95) 222
(96) 229
(97) 217
(98) 217
(99) 198
(100) 224
(101) 222
(102) 202
(103) 192
(104) 195
(105) 225
(106) 205
(107) 169
(108) 192
(109) 200
(110) 193
(111) 170
(112) 187
(113) 204
(114) 206
(115) 188
(116) 207
(117) 200
(118) 228
(119) 213
(120) 207
(121) 185
(122) 199
(123) 179
(124) 205
(125) 222
(126) 201
(127) 204
(128) 189
(129) 212
(130) 234
(131) 197
(132) 167
(133) 227
(134) 204
(135) 216
(136) 216
(137) 216
(138) 220
(139) 207
(140) 239
(141) 245
(142) 232
(143) 210
(144) 205
(145) 217
(146) 198
(147) 201
(148) 221
(149) 209
(150) 215
(151) 200
(152) 197
(153) 225
(154) 219
(155) 207
(156) 209
(157) 223
(158) 193
(159) 212
(160) 240
(161) 243
(162) 232
(163) 280
(164) 254
(165) 248
(166) 325
(167) 321
(168) 334
(169) 323
(170) 408
(171) 391
(172) 423
(173) 484
(174) 512
(175) 556
(176) 639
(177) 658
(178) 666
(179) 763
(180) 807
(181) 810
(182) 916
(183) 963
(184) 1016
(185) 1090
(186) 1095
(187) 1166
(188) 1234
(189) 1285
(190) 1341
(191) 1414
(192) 1377
(193) 1353
(194) 1439
(195) 1481
(196) 1427
(197) 1445
(198) 1388
(199) 1332
(200) 1353
(201) 1341
(202) 1276
(203) 1227
(204) 1170
(205) 1147
(206) 1039
(207) 1054
(208) 985
(209) 888
(210) 850
(211) 780
(212) 726
(213) 709
(214) 651
(215) 628
(216) 537
(217) 518
(218) 471
(219) 433
(220) 390
(221) 341
(222) 320
(223) 293
(224) 295
(225) 251
(226) 257
(227) 205
(228) 196
(229) 197
(230) 145
(231) 170
(232) 144
(233) 161
(234) 149
(235) 122
(236) 122
(237) 129
(238) 136
(239) 120
(240) 107
(241) 97
(242) 87
(243) 109
(244) 114
(245) 135
(246) 110
(247) 81
(248) 91
(249) 76
(250) 112
(251) 88
(252) 110
(253) 104
(254) 102
(255) 84
(256) 102
(257) 102
(258) 104
(259) 97
(260) 97
(261) 94
(262) 75
(263) 94
(264) 84
(265) 86
(266) 93
(267) 99
(268) 80
(269) 90
(270) 78
(271) 88
(272) 77
(273) 86
(274) 69
(275) 81
(276) 71
(277) 85
(278) 82
(279) 83
(280) 73
(281) 80
(282) 71
(283) 80
(284) 71
(285) 93
(286) 75
(287) 82
(288) 77
(289) 66
(290) 78
(291) 83
(292) 68
(293) 55
(294) 56
(295) 75
(296) 64
(297) 66
(298) 73
(299) 58
(300) 62
(301) 72
(302) 83
(303) 69
(304) 59
(305) 63
(306) 70
(307) 64
(308) 69
(309) 67
(310) 68
(311) 67
(312) 73
(313) 77
(314) 80
(315) 100
(316) 80
(317) 87
(318) 90
(319) 101
(320) 110
(321) 122
(322) 94
(323) 138
(324) 130
(325) 140
(326) 136
(327) 147
(328) 146
(329) 182
(330) 162
(331) 163
(332) 201
(333) 198
(334) 236
(335) 230
(336) 267
(337) 255
(338) 259
(339) 248
(340) 300
(341) 271
(342) 279
(343) 269
(344) 273
(345) 309
(346) 314
(347) 299
(348) 299
(349) 315
(350) 313
(351) 332
(352) 295
(353) 310
(354) 301
(355) 290
(356) 315
(357) 316
(358) 303
(359) 306
(360) 290
(361) 261
(362) 287
(363) 274
(364) 267
(365) 287
(366) 284
(367) 255
(368) 257
(369) 246
(370) 264
(371) 230
(372) 259
(373) 224
(374) 238
(375) 222
(376) 230
(377) 241
(378) 247
(379) 227
(380) 230
(381) 218
(382) 246
(383) 247
(384) 240
(385) 247
(386) 264
(387) 260
(388) 239
(389) 252
(390) 249
(391) 263
(392) 244
(393) 257
(394) 274
(395) 286
(396) 275
(397) 269
(398) 286
(399) 274
(400) 275
(401) 261
(402) 225
(403) 289
(404) 283
(405) 240
(406) 241
(407) 250
(408) 238
(409) 251
(410) 248
(411) 209
(412) 220
(413) 227
(414) 185
(415) 207
(416) 172
(417) 189
(418) 180
(419) 164
(420) 152
(421) 127
(422) 129
(423) 115
(424) 113
(425) 125
(426) 94
(427) 78
(428) 106
(429) 81
(430) 83
(431) 75
(432) 73
(433) 68
(434) 43
(435) 47
(436) 48
(437) 43
(438) 30
(439) 40
(440) 25
(441) 22
(442) 31
(443) 26
(444) 23
(445) 24
(446) 15
(447) 15
(448) 15
(449) 22
(450) 13
(451) 18
(452) 9
(453) 14
(454) 10
(455) 10
(456) 3
(457) 6
(458) 8
(459) 3
(460) 2
(461) 4
(462) 9
(463) 1
(464) 1
(465) 1
(466) 5
(467) 2
(468) 2
(469) 3
(470) 2
(471) 2
(472) 4
(474) 2
(475) 1
(476) 2
(477) 2
(478) 2
(479) 2
(480) 2
(483) 2
(485) 1
(487) 2
(488) 2
(489) 2
(490) 2
(492) 3
(493) 1
(495) 1
(497) 2
(499) 1
(500) 1
(503) 1
(504) 1
(505) 1
(507) 1
(508) 1
(509) 1
(510) 3
(513) 1
(516) 1
(519) 3
(520) 2
(521) 1
(522) 2
(523) 1
(524) 1
(527) 1
(528) 3
(529) 1
(532) 1
(536) 1
(537) 3
(538) 1
(539) 1
(540) 2
(541) 1
(547) 1
(552) 1
(554) 1
(555) 1
(561) 1
(563) 2
(565) 1
(566) 1
(568) 1
(574) 1
(575) 1
(578) 1
(581) 1
(586) 1
(587) 2
(588) 2
(589) 1
(592) 1
(593) 1
(597) 2
(598) 1
(600) 1
(602) 1
(603) 1
(604) 1
(606) 1
(608) 1
(609) 1
(611) 2
(615) 1
(617) 1
(621) 1
(622) 1
(625) 1
(628) 1
(630) 2
(641) 1
(645) 1
(649) 2
(656) 1
(658) 1
(659) 1
(661) 1
(662) 1
(667) 1
(679) 1
(684) 1
(689) 1
(694) 1
(696) 1
(699) 1
(702) 1
(704) 1
(709) 1
(728) 1
(733) 1
(739) 1
(740) 1
(744) 1
(746) 2
(748) 1
(749) 2
(750) 1
(751) 1
(754) 1
(755) 1
(756) 1
(757) 2
(758) 1
(759) 1
(764) 1
(765) 1
(766) 2
(768) 3
(770) 2
(771) 1
(774) 2
(776) 1
(777) 1
(779) 2
(780) 1
(785) 1
(786) 1
(791) 2
(792) 1
(793) 1
(797) 1
(800) 1
(805) 1
(808) 1
(818) 1
(853) 1
(909) 1
(964) 1
(973) 1
(1134) 1
(1198) 1
(1295) 1
(1311) 1
(1421) 1
(1723) 1
(1836) 1
(1879) 1
(2320) 1
(2380) 1
(2826) 1
(3273) 1
(4220) 1
(4353) 1
(4773) 1
(4827) 1
(5264) 1
(6553) 33
(-1) -1
"BGO_ModID00_ChID12" (8000)
Tue Aug 27 21:43:35 2019
 3
1 long 
("BGOarray.raw.chanid012.adc")
(0 40000) 
--------------------------------------------
(0) 13804
(1) 23
(2) 49
(3) 38
(4) 41
(5) 30
(6) 36
(7) 29
(8) 35
(9) 35
(10) 43
(11) 67
(12) 50
(13) 83
(14) 132
(15) 208
(16) 239
(17) 275
(18) 222
(19) 200
(20) 150
(21) 130
(22) 114
(23) 96
(24) 74
(25) 60
(26) 59
(27) 47
(28) 35
(29) 32
(30) 26
(31) 25
(32) 12
(33) 9
(34) 16
(35) 5
(36) 4
(37) 11
(38) 6
(39) 14
(40) 10
(41) 10
(42) 17
(43) 14
(44) 23
(45) 26
(46) 20
(47) 32
(48) 36
(49) 37
(50) 43
(51) 52
(52) 65
(53) 61
(54) 74
(55) 97
(56) 85
(57) 117
(58) 121
(59) 115
(60) 122
(61) 143
(62) 136
(63) 165
(64) 170
(65) 183
(66) 173
(67) 183
(68) 201
(69) 218
(70) 236
(71) 225
(72) 226
(73) 219
(74) 223
(75) 251
(76) 245
(77) 254
(78) 246
(79) 271
(80) 238
(81) 243
(82) 262
(83) 251
(84) 283
(85) 249
(86) 265
(87) 229
(88) 214
(89) 244
(90) 250
(91) 223
(92) 222
(93) 252
(94) 228
(95) 253
(96) 220
(97) 224
(98) 221
(99) 245
(100) 213
(101) 228
(102) 204
(103) 208
(104) 223
(105) 179
(106) 184
(107) 197
(108) 200
(109) 205
(110) 202
(111) 226
(112) 224
(113) 211
(114) 228
(115) 185
(116) 222
(117) 206
(118) 189
(119) 209
(120) 213
(121) 201
(122) 233
(123) 221
(124) 215
(125) 204
(126) 209
(127) 211
(128) 204
(129) 225
(130) 214
(131) 205
(132) 231
(133) 224
(134) 228
(135) 227
(136) 207
(137) 196
(138) 222
(139) 218
(140) 225
(141) 212
(142) 243
(143) 228
(144) 195
(145) 226
(146) 222
(147) 222
(148) 236
(149) 223
(150) 221
(151) 246
(152) 223
(153) 224
(154) 208
(155) 238
(156) 223
(157) 228
(158) 203
(159) 234
(160) 232
(161) 229
(162) 213
(163) 228
(164) 244
(165) 235
(166) 245
(167) 234
(168) 247
(169) 271
(170) 246
(171) 260
(172) 283
(173) 307
(174) 286
(175) 330
(176) 313
(177) 397
(178) 398
(179) 401
(180) 420
(181) 466
(182) 504
(183) 541
(184) 584
(185) 658
(186) 743
(187) 774
(188) 814
(189) 889
(190) 985
(191) 965
(192) 1015
(193) 1030
(194) 1188
(195) 1242
(196) 1296
(197) 1297
(198) 1309
(199) 1379
(200) 1526
(201) 1431
(202) 1409
(203) 1454
(204) 1531
(205) 1486
(206) 1536
(207) 1450
(208) 1444
(209) 1432
(210) 1389
(211) 1329
(212) 1307
(213) 1340
(214) 1223
(215) 1194
(216) 1128
(217) 1074
(218) 993
(219) 954
(220) 879
(221) 854
(222) 811
(223) 696
(224) 706
(225) 687
(226) 550
(227) 545
(228) 492
(229) 487
(230) 428
(231) 409
(232) 356
(233) 318
(234) 327
(235) 284
(236) 244
(237) 212
(238) 229
(239) 197
(240) 190
(241) 169
(242) 175
(243) 160
(244) 141
(245) 161
(246) 144
(247) 140
(248) 118
(249) 120
(250) 109
(251) 121
(252) 125
(253) 81
(254) 116
(255) 103
(256) 100
(257) 92
(258) 108
(259) 93
(260) 76
(261) 78
(262) 82
(263) 105
(264) 76
(265) 97
(266) 110
(267) 80
(268) 89
(269) 96
(270) 96
(271) 72
(272) 81
(273) 82
(274) 65
(275) 93
(276) 85
(277) 80
(278) 81
(279) 80
(280) 88
(281) 94
(282) 103
(283) 76
(284) 96
(285) 86
(286) 88
(287) 81
(288) 86
(289) 77
(290) 76
(291) 89
(292) 72
(293) 87
(294) 71
(295) 81
(296) 78
(297) 78
(298) 70
(299) 66
(300) 67
(301) 81
(302) 63
(303) 71
(304) 70
(305) 75
(306) 69
(307) 58
(308) 65
(309) 52
(310) 67
(311) 59
(312) 70
(313) 62
(314) 61
(315) 66
(316) 60
(317) 65
(318) 59
(319) 65
(320) 76
(321) 69
(322) 60
(323) 72
(324) 75
(325) 70
(326) 76
(327) 63
(328) 70
(329) 78
(330) 87
(331) 90
(332) 88
(333) 90
(334) 84
(335) 105
(336) 110
(337) 111
(338) 120
(339) 122
(340) 157
(341) 140
(342) 125
(343) 164
(344) 158
(345) 170
(346) 185
(347) 174
(348) 206
(349) 185
(350) 222
(351) 231
(352) 226
(353) 234
(354) 231
(355) 263
(356) 287
(357) 279
(358) 304
(359) 275
(360) 276
(361) 297
(362) 284
(363) 296
(364) 290
(365) 275
(366) 313
(367) 354
(368) 315
(369) 336
(370) 345
(371) 336
(372) 313
(373) 302
(374) 299
(375) 281
(376) 293
(377) 283
(378) 270
(379) 260
(380) 276
(381) 258
(382) 306
(383) 256
(384) 250
(385) 257
(386) 253
(387) 237
(388) 224
(389) 274
(390) 208
(391) 210
(392) 228
(393) 227
(394) 236
(395) 252
(396) 251
(397) 217
(398) 234
(399) 250
(400) 237
(401) 224
(402) 243
(403) 250
(404) 236
(405) 219
(406) 257
(407) 254
(408) 246
(409) 263
(410) 252
(411) 264
(412) 276
(413) 280
(414) 252
(415) 251
(416) 254
(417) 256
(418) 263
(419) 243
(420) 269
(421) 248
(422) 256
(423) 278
(424) 249
(425) 258
(426) 226
(427) 234
(428) 231
(429) 220
(430) 239
(431) 223
(432) 209
(433) 208
(434) 192
(435) 173
(436) 184
(437) 176
(438) 175
(439) 136
(440) 157
(441) 129
(442) 113
(443) 126
(444) 116
(445) 118
(446) 94
(447) 91
(448) 103
(449) 92
(450) 96
(451) 82
(452) 75
(453) 56
(454) 65
(455) 40
(456) 53
(457) 36
(458) 46
(459) 39
(460) 40
(461) 24
(462) 22
(463) 27
(464) 23
(465) 24
(466) 19
(467) 19
(468) 14
(469) 23
(470) 17
(471) 11
(472) 12
(473) 19
(474) 8
(475) 11
(476) 10
(477) 13
(478) 5
(479) 8
(480) 4
(481) 5
(482) 3
(483) 2
(484) 3
(485) 5
(486) 3
(487) 1
(488) 3
(489) 2
(490) 3
(491) 1
(492) 1
(493) 2
(494) 4
(495) 4
(497) 1
(498) 2
(500) 2
(501) 3
(502) 2
(503) 3
(505) 1
(506) 1
(508) 1
(509) 2
(510) 1
(511) 3
(514) 1
(515) 2
(517) 3
(519) 1
(521) 1
(522) 1
(523) 2
(524) 1
(525) 1
(527) 2
(533) 1
(535) 2
(537) 1
(544) 2
(546) 2
(547) 1
(548) 1
(552) 1
(555) 1
(557) 2
(558) 1
(560) 2
(561) 2
(562) 1
(563) 2
(572) 1
(573) 2
(574) 1
(576) 2
(577) 1
(583) 1
(586) 2
(587) 1
(589) 3
(591) 1
(598) 1
(599) 1
(600) 5
(604) 1
(607) 1
(615) 1
(622) 2
(624) 1
(625) 2
(627) 1
(629) 1
(632) 1
(636) 1
(637) 1
(638) 1
(640) 1
(641) 1
(642) 1
(645) 1
(646) 1
(653) 2
(656) 1
(657) 1
(659) 1
(661) 1
(663) 1
(667) 2
(668) 1
(670) 2
(680) 1
(681) 1
(689) 3
(693) 1
(695) 1
(705) 1
(708) 1
(710) 1
(713) 1
(718) 1
(728) 1
(733) 1
(736) 1
(737) 1
(746) 1
(747) 1
(751) 1
(761) 1
(762) 2
(763) 1
(764) 1
(765) 2
(770) 1
(772) 1
(777) 1
(787) 1
(790) 2
(794) 2
(796) 1
(800) 1
(802) 1
(805) 1
(806) 1
(808) 2
(809) 1
(813) 1
(815) 1
(819) 1
(824) 1
(826) 1
(833) 1
(835) 1
(836) 1
(839) 1
(852) 1
(860) 2
(863) 1
(886) 1
(964) 1
(1051) 1
(1150) 1
(1279) 1
(2275) 1
(2290) 1
(2297) 1
(2398) 1
(2432) 1
(2435) 1
(2452) 1
(3070) 1
(3105) 1
(3304) 1
(3365) 1
(3512) 1
(4210) 1
(4213) 1
(4751) 1
(5175) 1
(5231) 1
(6078) 1
(6081) 1
(6248) 1
(6395) 1
(6553) 28
(-1) -1
"BGO_ModID00_ChID13" (8000)
Tue Aug 27 21:43:35 2019
 3
1 long 
("BGOarray.raw.chanid013.adc")
(0 40000) 
--------------------------------------------
(0) 13011
(1) 14
(2) 33
(3) 29
(4) 29
(5) 31
(6) 24
(7) 29
(8) 27
(9) 25
(10) 34
(11) 41
(12) 32
(13) 44
(14) 105
(15) 187
(16) 212
(17) 176
(18) 141
(19) 103
(20) 79
(21) 66
(22) 42
(23) 31
(24) 41
(25) 30
(26) 22
(27) 12
(28) 12
(29) 10
(30) 6
(31) 7
(32) 8
(33) 6
(34) 3
(35) 6
(36) 3
(37) 7
(38) 5
(39) 7
(40) 8
(41) 4
(42) 7
(43) 9
(44) 20
(45) 13
(46) 15
(47) 24
(48) 33
(49) 38
(50) 40
(51) 53
(52) 45
(53) 56
(54) 66
(55) 75
(56) 80
(57) 89
(58) 86
(59) 92
(60) 101
(61) 124
(62) 118
(63) 120
(64) 131
(65) 172
(66) 172
(67) 145
(68) 173
(69) 169
(70) 191
(71) 172
(72) 175
(73) 230
(74) 210
(75) 234
(76) 205
(77) 192
(78) 205
(79) 223
(80) 217
(81) 222
(82) 235
(83) 220
(84) 230
(85) 227
(86) 208
(87) 230
(88) 226
(89) 209
(90) 191
(91) 213
(92) 243
(93) 187
(94) 193
(95) 213
(96) 203
(97) 220
(98) 191
(99) 221
(100) 179
(101) 193
(102) 193
(103) 194
(104) 197
(105) 202
(106) 185
(107) 214
(108) 216
(109) 207
(110) 192
(111) 181
(112) 202
(113) 184
(114) 176
(115) 177
(116) 188
(117) 201
(118) 173
(119) 178
(120) 215
(121) 189
(122) 186
(123) 223
(124) 237
(125) 198
(126) 205
(127) 213
(128) 219
(129) 199
(130) 255
(131) 198
(132) 207
(133) 213
(134) 174
(135) 199
(136) 205
(137) 233
(138) 201
(139) 203
(140) 223
(141) 221
(142) 208
(143) 220
(144) 195
(145) 217
(146) 216
(147) 215
(148) 221
(149) 240
(150) 230
(151) 212
(152) 193
(153) 206
(154) 222
(155) 207
(156) 229
(157) 205
(158) 227
(159) 226
(160) 207
(161) 230
(162) 226
(163) 260
(164) 279
(165) 269
(166) 292
(167) 290
(168) 300
(169) 332
(170) 327
(171) 395
(172) 407
(173) 413
(174) 449
(175) 488
(176) 533
(177) 608
(178) 661
(179) 707
(180) 654
(181) 774
(182) 839
(183) 879
(184) 921
(185) 1050
(186) 1052
(187) 1087
(188) 1136
(189) 1224
(190) 1222
(191) 1323
(192) 1381
(193) 1394
(194) 1377
(195) 1443
(196) 1498
(197) 1453
(198) 1474
(199) 1449
(200) 1468
(201) 1440
(202) 1348
(203) 1291
(204) 1277
(205) 1251
(206) 1259
(207) 1123
(208) 1130
(209) 992
(210) 999
(211) 937
(212) 929
(213) 857
(214) 748
(215) 753
(216) 722
(217) 612
(218) 608
(219) 547
(220) 510
(221) 476
(222) 457
(223) 386
(224) 378
(225) 338
(226) 341
(227) 269
(228) 275
(229) 232
(230) 251
(231) 219
(232) 183
(233) 158
(234) 168
(235) 155
(236) 146
(237) 131
(238) 134
(239) 121
(240) 135
(241) 133
(242) 98
(243) 114
(244) 96
(245) 110
(246) 85
(247) 93
(248) 79
(249) 108
(250) 105
(251) 98
(252) 105
(253) 91
(254) 90
(255) 90
(256) 107
(257) 90
(258) 78
(259) 90
(260) 98
(261) 92
(262) 82
(263) 80
(264) 80
(265) 85
(266) 103
(267) 70
(268) 74
(269) 100
(270) 70
(271) 84
(272) 75
(273) 89
(274) 88
(275) 84
(276) 70
(277) 78
(278) 73
(279) 76
(280) 90
(281) 83
(282) 68
(283) 71
(284) 81
(285) 76
(286) 86
(287) 68
(288) 89
(289) 72
(290) 64
(291) 82
(292) 69
(293) 76
(294) 80
(295) 81
(296) 66
(297) 68
(298) 72
(299) 68
(300) 64
(301) 63
(302) 79
(303) 65
(304) 61
(305) 69
(306) 75
(307) 74
(308) 72
(309) 66
(310) 57
(311) 69
(312) 65
(313) 61
(314) 59
(315) 57
(316) 55
(317) 71
(318) 81
(319) 68
(320) 81
(321) 110
(322) 83
(323) 97
(324) 81
(325) 93
(326) 106
(327) 114
(328) 127
(329) 122
(330) 150
(331) 157
(332) 166
(333) 163
(334) 133
(335) 174
(336) 194
(337) 218
(338) 226
(339) 225
(340) 206
(341) 259
(342) 253
(343) 247
(344) 254
(345) 260
(346) 234
(347) 261
(348) 302
(349) 290
(350) 299
(351) 301
(352) 300
(353) 320
(354) 313
(355) 300
(356) 330
(357) 273
(358) 324
(359) 323
(360) 327
(361) 277
(362) 306
(363) 289
(364) 299
(365) 284
(366) 290
(367) 278
(368) 286
(369) 290
(370) 288
(371) 266
(372) 249
(373) 278
(374) 256
(375) 248
(376) 231
(377) 270
(378) 247
(379) 236
(380) 241
(381) 232
(382) 251
(383) 233
(384) 268
(385) 194
(386) 229
(387) 266
(388) 229
(389) 244
(390) 233
(391) 248
(392) 214
(393) 256
(394) 258
(395) 273
(396) 261
(397) 284
(398) 251
(399) 256
(400) 265
(401) 255
(402) 243
(403) 294
(404) 277
(405) 259
(406) 245
(407) 233
(408) 259
(409) 253
(410) 252
(411) 264
(412) 264
(413) 245
(414) 236
(415) 213
(416) 228
(417) 224
(418) 227
(419) 181
(420) 173
(421) 158
(422) 184
(423) 154
(424) 163
(425) 169
(426) 131
(427) 122
(428) 139
(429) 123
(430) 121
(431) 110
(432) 103
(433) 99
(434) 76
(435) 71
(436) 75
(437) 68
(438) 64
(439) 67
(440) 59
(441) 54
(442) 57
(443) 49
(444) 36
(445) 30
(446) 35
(447) 27
(448) 32
(449) 25
(450) 25
(451) 25
(452) 25
(453) 28
(454) 22
(455) 12
(456) 17
(457) 11
(458) 10
(459) 11
(460) 16
(461) 8
(462) 6
(463) 9
(464) 9
(465) 7
(466) 3
(467) 5
(468) 6
(469) 8
(470) 4
(471) 4
(472) 3
(473) 3
(474) 1
(475) 4
(477) 2
(478) 1
(479) 3
(480) 4
(481) 1
(482) 4
(483) 2
(485) 1
(486) 3
(487) 4
(488) 5
(490) 2
(491) 1
(492) 1
(494) 1
(495) 1
(496) 1
(499) 1
(500) 2
(502) 2
(506) 1
(507) 1
(509) 1
(513) 2
(528) 1
(529) 1
(531) 1
(532) 1
(533) 2
(535) 1
(538) 1
(540) 1
(542) 1
(544) 1
(547) 1
(549) 2
(550) 2
(553) 2
(563) 2
(565) 1
(568) 1
(569) 1
(576) 1
(583) 2
(592) 1
(595) 1
(597) 1
(598) 1
(601) 2
(602) 1
(610) 1
(611) 1
(612) 1
(615) 1
(618) 1
(619) 1
(620) 1
(622) 1
(624) 1
(625) 1
(635) 1
(636) 1
(651) 1
(669) 1
(673) 1
(674) 1
(677) 1
(686) 1
(697) 1
(716) 1
(720) 1
(724) 1
(736) 1
(738) 1
(743) 1
(744) 1
(749) 2
(751) 1
(760) 1
(763) 2
(769) 1
(771) 1
(773) 1
(775) 1
(778) 1
(781) 1
(782) 1
(784) 1
(792) 1
(798) 1
(803) 2
(805) 1
(807) 1
(810) 1
(811) 3
(861) 1
(1230) 1
(1405) 1
(1541) 1
(1574) 1
(1600) 1
(1607) 1
(1679) 1
(1988) 1
(2046) 1
(2109) 1
(2134) 1
(2322) 1
(2551) 1
(3352) 1
(4264) 1
(4730) 1
(4840) 1
(5708) 1
(5862) 1
(6553) 22
(-1) -1
"BGO_ModID00_ChID14" (8000)
Tue Aug 27 21:43:35 2019
 3
1 long 
("BGOarray.raw.chanid014.adc")
(0 40000) 
--------------------------------------------
(0) 13048
(1) 5
(2) 17
(3) 17
(4) 8
(5) 10
(6) 10
(7) 7
(8) 14
(9) 3
(10) 10
(11) 20
(12) 12
(13) 16
(14) 26
(15) 51
(16) 35
(17) 47
(18) 32
(19) 27
(20) 21
(21) 23
(22) 30
(23) 12
(24) 8
(25) 9
(26) 10
(27) 6
(28) 4
(29) 3
(30) 3
(31) 1
(32) 2
(33) 4
(34) 2
(35) 3
(36) 4
(37) 2
(38) 2
(39) 3
(40) 3
(41) 10
(42) 11
(43) 9
(44) 14
(45) 15
(46) 19
(47) 23
(48) 24
(49) 30
(50) 37
(51) 36
(52) 37
(53) 60
(54) 59
(55) 68
(56) 66
(57) 80
(58) 85
(59) 83
(60) 112
(61) 89
(62) 125
(63) 150
(64) 158
(65) 151
(66) 146
(67) 159
(68) 181
(69) 164
(70) 200
(71) 195
(72) 217
(73) 196
(74) 213
(75) 228
(76) 224
(77) 234
(78) 236
(79) 242
(80) 236
(81) 213
(82) 258
(83) 222
(84) 277
(85) 252
(86) 243
(87) 212
(88) 233
(89) 233
(90) 218
(91) 239
(92) 235
(93) 223
(94) 226
(95) 225
(96) 223
(97) 240
(98) 186
(99) 213
(100) 213
(101) 240
(102) 203
(103) 200
(104) 210
(105) 214
(106) 239
(107) 232
(108) 197
(109) 233
(110) 213
(111) 225
(112) 230
(113) 199
(114) 238
(115) 240
(116) 192
(117) 227
(118) 213
(119) 225
(120) 225
(121) 229
(122) 201
(123) 225
(124) 214
(125) 266
(126) 216
(127) 222
(128) 244
(129) 224
(130) 207
(131) 228
(132) 241
(133) 244
(134) 248
(135) 215
(136) 215
(137) 218
(138) 228
(139) 222
(140) 227
(141) 238
(142) 215
(143) 206
(144) 242
(145) 224
(146) 220
(147) 224
(148) 209
(149) 242
(150) 227
(151) 200
(152) 229
(153) 240
(154) 238
(155) 244
(156) 227
(157) 258
(158) 250
(159) 295
(160) 276
(161) 332
(162) 337
(163) 388
(164) 392
(165) 454
(166) 416
(167) 433
(168) 503
(169) 582
(170) 571
(171) 695
(172) 714
(173) 782
(174) 862
(175) 888
(176) 988
(177) 1033
(178) 1112
(179) 1150
(180) 1244
(181) 1295
(182) 1374
(183) 1450
(184) 1482
(185) 1583
(186) 1554
(187) 1634
(188) 1586
(189) 1675
(190) 1551
(191) 1570
(192) 1607
(193) 1558
(194) 1463
(195) 1479
(196) 1462
(197) 1410
(198) 1361
(199) 1263
(200) 1204
(201) 1109
(202) 1075
(203) 986
(204) 963
(205) 840
(206) 775
(207) 732
(208) 725
(209) 619
(210) 558
(211) 501
(212) 491
(213) 446
(214) 430
(215) 335
(216) 371
(217) 323
(218) 311
(219) 237
(220) 217
(221) 221
(222) 199
(223) 160
(224) 145
(225) 150
(226) 177
(227) 143
(228) 137
(229) 119
(230) 126
(231) 129
(232) 104
(233) 102
(234) 108
(235) 110
(236) 116
(237) 87
(238) 102
(239) 105
(240) 94
(241) 89
(242) 90
(243) 100
(244) 102
(245) 100
(246) 100
(247) 87
(248) 108
(249) 121
(250) 110
(251) 79
(252) 90
(253) 86
(254) 86
(255) 100
(256) 98
(257) 86
(258) 106
(259) 88
(260) 75
(261) 86
(262) 84
(263) 85
(264) 96
(265) 96
(266) 92
(267) 94
(268) 102
(269) 95
(270) 98
(271) 88
(272) 88
(273) 99
(274) 91
(275) 89
(276) 95
(277) 65
(278) 80
(279) 81
(280) 62
(281) 77
(282) 71
(283) 73
(284) 82
(285) 65
(286) 68
(287) 68
(288) 64
(289) 76
(290) 59
(291) 66
(292) 76
(293) 68
(294) 61
(295) 64
(296) 62
(297) 72
(298) 71
(299) 66
(300) 61
(301) 69
(302) 88
(303) 70
(304) 80
(305) 72
(306) 78
(307) 82
(308) 89
(309) 103
(310) 99
(311) 94
(312) 132
(313) 135
(314) 106
(315) 130
(316) 121
(317) 146
(318) 166
(319) 161
(320) 178
(321) 190
(322) 180
(323) 203
(324) 229
(325) 256
(326) 243
(327) 236
(328) 273
(329) 287
(330) 303
(331) 307
(332) 297
(333) 310
(334) 339
(335) 325
(336) 339
(337) 331
(338) 356
(339) 323
(340) 342
(341) 360
(342) 323
(343) 313
(344) 347
(345) 329
(346) 359
(347) 317
(348) 325
(349) 348
(350) 334
(351) 310
(352) 319
(353) 325
(354) 281
(355) 279
(356) 267
(357) 285
(358) 274
(359) 269
(360) 257
(361) 270
(362) 250
(363) 254
(364) 272
(365) 243
(366) 250
(367) 242
(368) 264
(369) 263
(370) 262
(371) 258
(372) 261
(373) 267
(374) 261
(375) 258
(376) 256
(377) 297
(378) 290
(379) 277
(380) 317
(381) 301
(382) 242
(383) 262
(384) 293
(385) 318
(386) 274
(387) 287
(388) 301
(389) 296
(390) 281
(391) 267
(392) 284
(393) 288
(394) 289
(395) 287
(396) 243
(397) 242
(398) 249
(399) 242
(400) 244
(401) 211
(402) 220
(403) 199
(404) 203
(405) 182
(406) 210
(407) 171
(408) 171
(409) 159
(410) 159
(411) 153
(412) 139
(413) 116
(414) 136
(415) 99
(416) 119
(417) 106
(418) 89
(419) 81
(420) 67
(421) 73
(422) 69
(423) 49
(424) 69
(425) 44
(426) 38
(427) 38
(428) 39
(429) 30
(430) 41
(431) 26
(432) 27
(433) 25
(434) 26
(435) 18
(436) 14
(437) 24
(438) 15
(439) 10
(440) 13
(441) 8
(442) 9
(443) 8
(444) 4
(445) 3
(446) 3
(447) 6
(448) 1
(449) 4
(450) 2
(451) 3
(452) 3
(453) 4
(454) 2
(455) 3
(456) 1
(457) 1
(458) 1
(459) 1
(460) 1
(461) 1
(462) 2
(464) 1
(465) 1
(466) 4
(468) 1
(473) 3
(474) 2
(475) 4
(476) 1
(477) 2
(479) 1
(481) 2
(482) 3
(483) 1
(484) 2
(486) 1
(487) 2
(488) 1
(489) 1
(493) 2
(494) 2
(495) 1
(497) 1
(498) 1
(499) 1
(500) 1
(501) 2
(502) 1
(506) 1
(507) 1
(508) 1
(512) 2
(513) 1
(514) 1
(516) 1
(517) 2
(521) 1
(522) 1
(523) 2
(525) 2
(527) 1
(528) 1
(536) 1
(538) 1
(543) 3
(545) 1
(548) 2
(549) 1
(550) 1
(553) 2
(558) 1
(562) 1
(564) 1
(567) 1
(568) 1
(569) 1
(570) 1
(571) 1
(575) 1
(578) 1
(579) 2
(584) 3
(585) 1
(588) 1
(592) 1
(593) 1
(600) 1
(605) 1
(610) 1
(621) 1
(628) 1
(635) 1
(638) 1
(639) 1
(641) 1
(643) 1
(647) 1
(649) 1
(650) 2
(654) 1
(656) 1
(669) 1
(672) 3
(674) 2
(681) 1
(688) 1
(691) 1
(697) 1
(701) 1
(704) 1
(706) 1
(711) 1
(714) 1
(719) 1
(721) 1
(722) 1
(725) 1
(727) 1
(731) 2
(735) 1
(736) 1
(737) 2
(738) 2
(743) 1
(744) 1
(745) 1
(746) 1
(751) 3
(753) 1
(754) 1
(757) 2
(762) 1
(766) 1
(770) 1
(772) 1
(775) 2
(780) 1
(798) 1
(800) 1
(803) 1
(806) 1
(814) 1
(818) 1
(823) 1
(905) 1
(945) 1
(1143) 1
(1229) 1
(1431) 1
(1552) 1
(1658) 1
(1736) 1
(2075) 1
(2128) 1
(2229) 1
(2234) 1
(2255) 1
(2509) 1
(2911) 1
(3112) 1
(3320) 1
(3383) 1
(3529) 1
(3542) 1
(3603) 1
(3766) 1
(4017) 1
(4064) 1
(4151) 1
(4280) 1
(5162) 1
(5278) 1
(6553) 38
(-1) -1
"BGO_ModID00_ChID15" (8000)
Tue Aug 27 21:43:35 2019
 3
1 long 
("BGOarray.raw.chanid015.adc")
(0 40000) 
--------------------------------------------
(0) 12797
(1) 3
(2) 10
(3) 7
(4) 5
(5) 10
(6) 10
(7) 10
(8) 10
(9) 19
(10) 6
(11) 13
(12) 14
(13) 16
(14) 26
(15) 46
(16) 44
(17) 37
(18) 24
(19) 36
(20) 17
(21) 16
(22) 17
(23) 8
(24) 13
(25) 6
(26) 2
(27) 5
(28) 1
(29) 5
(30) 3
(31) 2
(32) 2
(33) 2
(34) 1
(35) 2
(36) 2
(37) 3
(38) 2
(39) 4
(40) 5
(41) 7
(42) 4
(43) 6
(44) 8
(45) 11
(46) 12
(47) 18
(48) 27
(49) 20
(50) 31
(51) 36
(52) 49
(53) 47
(54) 54
(55) 66
(56) 65
(57) 94
(58) 78
(59) 96
(60) 82
(61) 104
(62) 111
(63) 126
(64) 132
(65) 144
(66) 145
(67) 141
(68) 138
(69) 186
(70) 196
(71) 178
(72) 182
(73) 178
(74) 172
(75) 175
(76) 194
(77) 206
(78) 175
(79) 230
(80) 209
(81) 231
(82) 191
(83) 198
(84) 219
(85) 218
(86) 193
(87) 207
(88) 218
(89) 212
(90) 205
(91) 198
(92) 209
(93) 206
(94) 199
(95) 208
(96) 196
(97) 192
(98) 186
(99) 176
(100) 182
(101) 179
(102) 182
(103) 160
(104) 177
(105) 190
(106) 165
(107) 202
(108) 183
(109) 160
(110) 184
(111) 184
(112) 172
(113) 201
(114) 181
(115) 181
(116) 169
(117) 202
(118) 201
(119) 196
(120) 215
(121) 175
(122) 185
(123) 199
(124) 151
(125) 191
(126) 182
(127) 177
(128) 203
(129) 178
(130) 163
(131) 177
(132) 194
(133) 176
(134) 187
(135) 188
(136) 184
(137) 200
(138) 192
(139) 213
(140) 201
(141) 192
(142) 207
(143) 194
(144) 198
(145) 216
(146) 232
(147) 231
(148) 252
(149) 270
(150) 242
(151) 272
(152) 279
(153) 308
(154) 317
(155) 409
(156) 420
(157) 456
(158) 450
(159) 493
(160) 552
(161) 563
(162) 619
(163) 703
(164) 766
(165) 830
(166) 846
(167) 910
(168) 964
(169) 1019
(170) 1068
(171) 1145
(172) 1152
(173) 1136
(174) 1252
(175) 1262
(176) 1311
(177) 1283
(178) 1292
(179) 1272
(180) 1270
(181) 1261
(182) 1172
(183) 1163
(184) 1183
(185) 1109
(186) 1153
(187) 1110
(188) 983
(189) 871
(190) 888
(191) 886
(192) 752
(193) 692
(194) 643
(195) 585
(196) 569
(197) 522
(198) 476
(199) 453
(200) 384
(201) 358
(202) 331
(203) 298
(204) 262
(205) 240
(206) 256
(207) 229
(208) 202
(209) 176
(210) 188
(211) 171
(212) 127
(213) 139
(214) 135
(215) 116
(216) 115
(217) 105
(218) 86
(219) 118
(220) 99
(221) 110
(222) 103
(223) 97
(224) 89
(225) 95
(226) 88
(227) 84
(228) 91
(229) 90
(230) 102
(231) 78
(232) 98
(233) 84
(234) 94
(235) 73
(236) 87
(237) 85
(238) 93
(239) 75
(240) 76
(241) 80
(242) 75
(243) 74
(244) 82
(245) 88
(246) 86
(247) 83
(248) 90
(249) 76
(250) 76
(251) 89
(252) 81
(253) 80
(254) 84
(255) 91
(256) 73
(257) 79
(258) 73
(259) 65
(260) 77
(261) 83
(262) 78
(263) 79
(264) 56
(265) 59
(266) 65
(267) 57
(268) 70
(269) 67
(270) 60
(271) 58
(272) 59
(273) 76
(274) 54
(275) 62
(276) 68
(277) 69
(278) 65
(279) 74
(280) 69
(281) 72
(282) 60
(283) 63
(284) 66
(285) 85
(286) 71
(287) 87
(288) 76
(289) 92
(290) 89
(291) 123
(292) 102
(293) 136
(294) 132
(295) 104
(296) 122
(297) 135
(298) 153
(299) 124
(300) 165
(301) 146
(302) 164
(303) 172
(304) 218
(305) 194
(306) 220
(307) 214
(308) 237
(309) 230
(310) 237
(311) 258
(312) 275
(313) 272
(314) 290
(315) 296
(316) 280
(317) 277
(318) 301
(319) 274
(320) 292
(321) 323
(322) 320
(323) 315
(324) 261
(325) 278
(326) 294
(327) 268
(328) 301
(329) 279
(330) 273
(331) 277
(332) 253
(333) 275
(334) 257
(335) 272
(336) 257
(337) 245
(338) 244
(339) 244
(340) 236
(341) 208
(342) 241
(343) 207
(344) 235
(345) 248
(346) 230
(347) 242
(348) 235
(349) 218
(350) 255
(351) 214
(352) 240
(353) 243
(354) 236
(355) 239
(356) 226
(357) 257
(358) 264
(359) 243
(360) 247
(361) 249
(362) 245
(363) 281
(364) 238
(365) 236
(366) 213
(367) 243
(368) 240
(369) 258
(370) 226
(371) 212
(372) 199
(373) 210
(374) 226
(375) 212
(376) 180
(377) 187
(378) 166
(379) 192
(380) 156
(381) 163
(382) 164
(383) 131
(384) 138
(385) 131
(386) 140
(387) 125
(388) 110
(389) 90
(390) 93
(391) 101
(392) 76
(393) 76
(394) 73
(395) 76
(396) 50
(397) 49
(398) 54
(399) 57
(400) 39
(401) 37
(402) 24
(403) 35
(404) 24
(405) 27
(406) 17
(407) 16
(408) 27
(409) 14
(410) 11
(411) 7
(412) 18
(413) 18
(414) 14
(415) 10
(416) 4
(417) 9
(418) 8
(419) 9
(420) 11
(421) 8
(422) 5
(423) 2
(424) 6
(425) 1
(427) 5
(428) 4
(429) 4
(430) 4
(431) 5
(432) 1
(433) 2
(434) 1
(435) 1
(437) 1
(438) 1
(439) 3
(440) 2
(441) 3
(443) 1
(444) 1
(445) 4
(446) 1
(449) 2
(451) 1
(455) 2
(456) 1
(457) 1
(458) 1
(464) 1
(467) 1
(472) 1
(478) 4
(484) 1
(486) 2
(489) 2
(491) 1
(499) 1
(500) 3
(501) 1
(510) 1
(516) 1
(517) 1
(521) 1
(522) 2
(525) 1
(526) 1
(528) 1
(536) 1
(540) 2
(541) 2
(547) 1
(562) 1
(565) 1
(567) 1
(568) 1
(571) 1
(572) 1
(573) 1
(575) 1
(578) 3
(579) 2
(580) 1
(582) 1
(583) 1
(586) 1
(603) 1
(604) 1
(609) 1
(615) 1
(622) 1
(629) 1
(631) 1
(646) 1
(647) 1
(649) 1
(658) 1
(661) 1
(667) 1
(671) 1
(672) 2
(683) 1
(685) 1
(689) 1
(692) 2
(704) 1
(705) 1
(708) 1
(713) 1
(716) 1
(717) 1
(719) 1
(723) 1
(727) 1
(730) 1
(738) 1
(740) 1
(762) 1
(767) 1
(791) 1
(842) 1
(967) 1
(1088) 1
(1102) 1
(1116) 1
(1156) 1
(1214) 1
(1398) 1
(1414) 1
(1493) 1
(1631) 1
(1854) 1
(1890) 1
(1981) 1
(2285) 1
(2627) 1
(3523) 1
(3823) 1
(4221) 1
(4547) 1
(5027) 1
(5486) 1
(5688) 1
(5744) 1
(5841) 1
(6553) 30
(-1) -1
"BGO_ModID00_ChID16" (8000)
Tue Aug 27 21:43:35 2019
 3
1 long 
("BGOarray.raw.chanid016.adc")
(0 40000) 
--------------------------------------------
(0) 2371
(1) 3
(2) 10
(3) 18
(4) 23
(5) 17
(6) 40
(7) 49
(8) 93
(9) 172
(10) 387
(11) 414
(12) 342
(13) 292
(14) 277
(15) 216
(16) 197
(17) 167
(18) 122
(19) 138
(20) 98
(21) 88
(22) 56
(23) 48
(24) 55
(25) 50
(26) 45
(27) 24
(28) 24
(29) 13
(30) 21
(31) 11
(32) 5
(33) 6
(34) 7
(35) 9
(36) 8
(37) 3
(38) 3
(39) 1
(40) 3
(41) 5
(42) 2
(43) 1
(44) 6
(45) 9
(46) 15
(47) 20
(48) 10
(49) 14
(50) 22
(51) 22
(52) 23
(53) 28
(54) 26
(55) 33
(56) 53
(57) 57
(58) 63
(59) 65
(60) 66
(61) 77
(62) 88
(63) 97
(64) 83
(65) 107
(66) 110
(67) 101
(68) 120
(69) 144
(70) 153
(71) 155
(72) 158
(73) 154
(74) 171
(75) 177
(76) 206
(77) 223
(78) 220
(79) 213
(80) 229
(81) 267
(82) 223
(83) 237
(84) 241
(85) 267
(86) 268
(87) 260
(88) 233
(89) 255
(90) 282
(91) 263
(92) 254
(93) 303
(94) 310
(95) 281
(96) 309
(97) 302
(98) 291
(99) 326
(100) 335
(101) 286
(102) 299
(103) 281
(104) 306
(105) 334
(106) 335
(107) 302
(108) 321
(109) 299
(110) 322
(111) 305
(112) 326
(113) 313
(114) 308
(115) 283
(116) 338
(117) 268
(118) 297
(119) 309
(120) 288
(121) 302
(122) 296
(123) 294
(124) 299
(125) 304
(126) 321
(127) 281
(128) 276
(129) 284
(130) 254
(131) 269
(132) 303
(133) 272
(134) 289
(135) 278
(136) 266
(137) 271
(138) 290
(139) 276
(140) 281
(141) 305
(142) 277
(143) 270
(144) 326
(145) 323
(146) 283
(147) 326
(148) 349
(149) 373
(150) 410
(151) 429
(152) 462
(153) 489
(154) 543
(155) 601
(156) 653
(157) 705
(158) 719
(159) 777
(160) 883
(161) 933
(162) 1022
(163) 1039
(164) 1134
(165) 1123
(166) 1240
(167) 1259
(168) 1331
(169) 1392
(170) 1483
(171) 1441
(172) 1524
(173) 1480
(174) 1494
(175) 1466
(176) 1460
(177) 1437
(178) 1359
(179) 1333
(180) 1282
(181) 1254
(182) 1203
(183) 1084
(184) 1107
(185) 1024
(186) 894
(187) 848
(188) 814
(189) 712
(190) 720
(191) 590
(192) 565
(193) 512
(194) 450
(195) 414
(196) 369
(197) 349
(198) 321
(199) 296
(200) 247
(201) 212
(202) 214
(203) 173
(204) 177
(205) 160
(206) 179
(207) 128
(208) 139
(209) 114
(210) 113
(211) 126
(212) 118
(213) 121
(214) 100
(215) 102
(216) 105
(217) 96
(218) 90
(219) 88
(220) 76
(221) 84
(222) 89
(223) 98
(224) 94
(225) 81
(226) 82
(227) 98
(228) 89
(229) 78
(230) 82
(231) 101
(232) 96
(233) 75
(234) 73
(235) 79
(236) 81
(237) 79
(238) 82
(239) 73
(240) 59
(241) 70
(242) 66
(243) 72
(244) 78
(245) 76
(246) 76
(247) 81
(248) 69
(249) 73
(250) 76
(251) 58
(252) 67
(253) 71
(254) 67
(255) 73
(256) 90
(257) 78
(258) 71
(259) 64
(260) 56
(261) 60
(262) 57
(263) 73
(264) 77
(265) 61
(266) 73
(267) 67
(268) 66
(269) 54
(270) 62
(271) 73
(272) 69
(273) 62
(274) 66
(275) 73
(276) 69
(277) 75
(278) 93
(279) 77
(280) 84
(281) 91
(282) 81
(283) 69
(284) 95
(285) 100
(286) 104
(287) 105
(288) 134
(289) 138
(290) 127
(291) 157
(292) 146
(293) 165
(294) 167
(295) 175
(296) 174
(297) 198
(298) 195
(299) 229
(300) 243
(301) 220
(302) 241
(303) 224
(304) 239
(305) 257
(306) 226
(307) 247
(308) 268
(309) 275
(310) 256
(311) 304
(312) 295
(313) 262
(314) 267
(315) 291
(316) 267
(317) 253
(318) 243
(319) 281
(320) 228
(321) 259
(322) 224
(323) 256
(324) 226
(325) 230
(326) 228
(327) 243
(328) 227
(329) 206
(330) 226
(331) 197
(332) 220
(333) 203
(334) 191
(335) 211
(336) 206
(337) 193
(338) 199
(339) 244
(340) 222
(341) 210
(342) 196
(343) 190
(344) 209
(345) 238
(346) 198
(347) 221
(348) 222
(349) 237
(350) 224
(351) 206
(352) 219
(353) 232
(354) 223
(355) 232
(356) 219
(357) 231
(358) 239
(359) 223
(360) 211
(361) 189
(362) 218
(363) 204
(364) 185
(365) 179
(366) 182
(367) 170
(368) 144
(369) 153
(370) 152
(371) 136
(372) 135
(373) 117
(374) 110
(375) 120
(376) 104
(377) 92
(378) 90
(379) 94
(380) 57
(381) 70
(382) 65
(383) 57
(384) 49
(385) 52
(386) 40
(387) 42
(388) 28
(389) 31
(390) 27
(391) 29
(392) 26
(393) 22
(394) 28
(395) 18
(396) 18
(397) 20
(398) 9
(399) 10
(400) 8
(401) 18
(402) 5
(403) 7
(404) 6
(405) 8
(406) 5
(407) 3
(408) 9
(409) 2
(410) 3
(411) 2
(412) 1
(413) 4
(414) 2
(415) 1
(417) 3
(418) 4
(419) 3
(420) 2
(421) 1
(422) 2
(424) 1
(425) 1
(428) 1
(429) 1
(432) 5
(434) 2
(436) 1
(437) 1
(439) 2
(440) 1
(441) 2
(442) 1
(443) 1
(444) 1
(446) 2
(447) 1
(455) 1
(460) 2
(461) 1
(464) 1
(466) 1
(472) 1
(473) 1
(475) 2
(477) 1
(478) 1
(480) 1
(481) 1
(484) 1
(487) 1
(500) 1
(505) 1
(507) 1
(510) 1
(511) 1
(512) 1
(517) 1
(518) 1
(523) 1
(531) 2
(533) 1
(540) 2
(547) 1
(552) 1
(554) 2
(556) 1
(565) 1
(572) 1
(573) 1
(574) 1
(577) 1
(581) 2
(583) 1
(585) 1
(593) 1
(597) 2
(600) 1
(601) 1
(622) 1
(626) 1
(627) 1
(638) 1
(640) 1
(642) 1
(644) 1
(647) 1
(648) 1
(649) 1
(650) 1
(651) 1
(655) 1
(656) 1
(661) 1
(662) 2
(663) 1
(667) 1
(673) 1
(674) 2
(680) 1
(683) 2
(685) 1
(694) 1
(700) 1
(702) 1
(707) 1
(709) 1
(725) 1
(734) 1
(820) 1
(948) 1
(1008) 1
(1072) 1
(1628) 1
(1646) 1
(1803) 1
(2002) 1
(2488) 1
(2640) 1
(3044) 1
(3481) 1
(3484) 1
(4156) 1
(5122) 1
(6484) 1
(6524) 1
(6528) 1
(6530) 1
(6541) 1
(6547) 2
(6550) 2
(6551) 2
(6552) 2
(6553) 5
(-1) -1
"BGO_ModID00_ChID17" (8000)
Tue Aug 27 21:43:35 2019
 3
1 long 
("BGOarray.raw.chanid017.adc")
(0 40000) 
--------------------------------------------
(0) 1967
(1) 6
(2) 6
(3) 13
(4) 23
(5) 23
(6) 42
(7) 64
(8) 99
(9) 157
(10) 276
(11) 316
(12) 289
(13) 300
(14) 236
(15) 193
(16) 172
(17) 137
(18) 129
(19) 98
(20) 85
(21) 66
(22) 59
(23) 47
(24) 35
(25) 36
(26) 30
(27) 27
(28) 18
(29) 14
(30) 15
(31) 5
(32) 6
(33) 5
(34) 3
(35) 1
(36) 6
(37) 3
(38) 5
(39) 1
(40) 2
(41) 2
(42) 9
(43) 6
(44) 6
(45) 9
(46) 14
(47) 8
(48) 21
(49) 23
(50) 18
(51) 23
(52) 22
(53) 39
(54) 36
(55) 39
(56) 66
(57) 67
(58) 52
(59) 63
(60) 77
(61) 88
(62) 102
(63) 104
(64) 127
(65) 118
(66) 141
(67) 119
(68) 140
(69) 164
(70) 160
(71) 174
(72) 189
(73) 205
(74) 192
(75) 221
(76) 212
(77) 237
(78) 251
(79) 253
(80) 256
(81) 266
(82) 267
(83) 251
(84) 283
(85) 299
(86) 294
(87) 305
(88) 341
(89) 299
(90) 285
(91) 302
(92) 328
(93) 318
(94) 301
(95) 355
(96) 330
(97) 340
(98) 362
(99) 335
(100) 333
(101) 331
(102) 363
(103) 353
(104) 340
(105) 332
(106) 336
(107) 332
(108) 324
(109) 397
(110) 356
(111) 335
(112) 338
(113) 353
(114) 331
(115) 304
(116) 333
(117) 335
(118) 325
(119) 327
(120) 301
(121) 324
(122) 341
(123) 320
(124) 311
(125) 329
(126) 316
(127) 282
(128) 302
(129) 320
(130) 307
(131) 310
(132) 313
(133) 332
(134) 283
(135) 343
(136) 322
(137) 333
(138) 387
(139) 391
(140) 413
(141) 423
(142) 491
(143) 478
(144) 536
(145) 612
(146) 702
(147) 736
(148) 836
(149) 846
(150) 863
(151) 1037
(152) 1122
(153) 1170
(154) 1203
(155) 1349
(156) 1332
(157) 1444
(158) 1439
(159) 1579
(160) 1521
(161) 1598
(162) 1583
(163) 1642
(164) 1729
(165) 1653
(166) 1703
(167) 1547
(168) 1524
(169) 1514
(170) 1414
(171) 1351
(172) 1280
(173) 1219
(174) 1168
(175) 1062
(176) 904
(177) 886
(178) 844
(179) 780
(180) 723
(181) 656
(182) 578
(183) 519
(184) 488
(185) 419
(186) 377
(187) 367
(188) 310
(189) 257
(190) 227
(191) 210
(192) 211
(193) 191
(194) 178
(195) 162
(196) 158
(197) 133
(198) 141
(199) 128
(200) 120
(201) 135
(202) 124
(203) 106
(204) 106
(205) 97
(206) 111
(207) 86
(208) 98
(209) 95
(210) 87
(211) 113
(212) 88
(213) 104
(214) 97
(215) 104
(216) 92
(217) 91
(218) 86
(219) 91
(220) 107
(221) 97
(222) 74
(223) 89
(224) 97
(225) 89
(226) 77
(227) 93
(228) 98
(229) 81
(230) 99
(231) 89
(232) 101
(233) 84
(234) 81
(235) 90
(236) 85
(237) 86
(238) 86
(239) 91
(240) 76
(241) 61
(242) 87
(243) 72
(244) 87
(245) 60
(246) 79
(247) 70
(248) 76
(249) 66
(250) 56
(251) 76
(252) 82
(253) 72
(254) 57
(255) 74
(256) 73
(257) 80
(258) 63
(259) 80
(260) 92
(261) 71
(262) 78
(263) 109
(264) 83
(265) 77
(266) 89
(267) 99
(268) 92
(269) 114
(270) 94
(271) 151
(272) 141
(273) 147
(274) 157
(275) 170
(276) 199
(277) 203
(278) 205
(279) 201
(280) 213
(281) 213
(282) 239
(283) 238
(284) 242
(285) 263
(286) 229
(287) 316
(288) 302
(289) 313
(290) 302
(291) 294
(292) 336
(293) 306
(294) 295
(295) 308
(296) 281
(297) 314
(298) 305
(299) 289
(300) 295
(301) 298
(302) 295
(303) 271
(304) 300
(305) 274
(306) 273
(307) 258
(308) 277
(309) 274
(310) 268
(311) 238
(312) 279
(313) 252
(314) 249
(315) 218
(316) 226
(317) 248
(318) 251
(319) 213
(320) 238
(321) 259
(322) 250
(323) 266
(324) 240
(325) 249
(326) 251
(327) 255
(328) 233
(329) 267
(330) 236
(331) 233
(332) 251
(333) 244
(334) 249
(335) 239
(336) 231
(337) 249
(338) 264
(339) 228
(340) 220
(341) 227
(342) 222
(343) 211
(344) 213
(345) 186
(346) 186
(347) 184
(348) 185
(349) 149
(350) 164
(351) 143
(352) 144
(353) 125
(354) 149
(355) 127
(356) 110
(357) 103
(358) 100
(359) 88
(360) 82
(361) 85
(362) 60
(363) 67
(364) 42
(365) 52
(366) 33
(367) 48
(368) 45
(369) 31
(370) 39
(371) 24
(372) 24
(373) 26
(374) 21
(375) 18
(376) 10
(377) 13
(378) 13
(379) 8
(380) 13
(381) 10
(382) 6
(383) 5
(384) 5
(385) 2
(386) 8
(387) 1
(388) 6
(389) 4
(390) 2
(391) 3
(392) 3
(393) 1
(394) 4
(396) 3
(397) 2
(398) 2
(399) 4
(401) 1
(404) 1
(405) 2
(407) 1
(409) 2
(410) 1
(414) 1
(418) 1
(420) 1
(427) 1
(433) 2
(434) 1
(436) 1
(438) 2
(439) 1
(441) 1
(442) 1
(444) 1
(446) 1
(452) 1
(458) 1
(464) 1
(466) 1
(467) 1
(469) 1
(472) 1
(486) 1
(487) 2
(488) 1
(491) 1
(492) 1
(493) 1
(495) 1
(497) 1
(498) 2
(503) 1
(504) 1
(505) 2
(509) 1
(510) 1
(517) 1
(530) 1
(533) 1
(534) 1
(538) 1
(540) 2
(542) 1
(554) 1
(555) 1
(559) 1
(561) 1
(571) 1
(574) 1
(589) 1
(605) 1
(614) 1
(618) 2
(621) 2
(629) 2
(630) 1
(634) 1
(635) 2
(640) 1
(641) 2
(644) 1
(646) 1
(647) 1
(648) 1
(649) 1
(659) 1
(660) 1
(662) 1
(683) 1
(696) 1
(741) 1
(763) 1
(794) 1
(797) 1
(815) 1
(865) 1
(883) 1
(939) 1
(1094) 1
(1252) 1
(1678) 1
(1733) 1
(1749) 1
(1835) 1
(1940) 1
(2073) 1
(2574) 1
(2847) 1
(5146) 1
(5533) 1
(6508) 1
(6515) 1
(6525) 1
(6531) 1
(6536) 1
(6548) 1
(6550) 1
(6551) 2
(6552) 4
(6553) 12
(-1) -1
"BGO_ModID00_ChID18" (8000)
Tue Aug 27 21:43:35 2019
 3
1 long 
("BGOarray.raw.chanid018.adc")
(0 40000) 
--------------------------------------------
(0) 6766
(1) 35
(2) 45
(3) 56
(4) 87
(5) 110
(6) 147
(7) 178
(8) 290
(9) 480
(10) 795
(11) 973
(12) 999
(13) 865
(14) 854
(15) 758
(16) 729
(17) 621
(18) 467
(19) 442
(20) 398
(21) 352
(22) 323
(23) 243
(24) 225
(25) 201
(26) 149
(27) 108
(28) 120
(29) 86
(30) 84
(31) 72
(32) 57
(33) 53
(34) 34
(35) 27
(36) 23
(37) 29
(38) 22
(39) 21
(40) 18
(41) 12
(42) 18
(43) 14
(44) 11
(45) 15
(46) 19
(47) 27
(48) 19
(49) 32
(50) 30
(51) 40
(52) 35
(53) 33
(54) 64
(55) 62
(56) 58
(57) 64
(58) 65
(59) 119
(60) 110
(61) 84
(62) 108
(63) 119
(64) 132
(65) 152
(66) 147
(67) 179
(68) 195
(69) 175
(70) 208
(71) 237
(72) 227
(73) 236
(74) 240
(75) 256
(76) 252
(77) 265
(78) 264
(79) 282
(80) 272
(81) 288
(82) 291
(83) 260
(84) 274
(85) 268
(86) 300
(87) 274
(88) 300
(89) 277
(90) 294
(91) 292
(92) 283
(93) 295
(94) 283
(95) 308
(96) 266
(97) 274
(98) 302
(99) 275
(100) 293
(101) 275
(102) 309
(103) 343
(104) 261
(105) 272
(106) 287
(107) 278
(108) 294
(109) 293
(110) 306
(111) 253
(112) 279
(113) 270
(114) 309
(115) 299
(116) 338
(117) 291
(118) 298
(119) 300
(120) 291
(121) 270
(122) 265
(123) 283
(124) 257
(125) 293
(126) 276
(127) 279
(128) 293
(129) 283
(130) 280
(131) 280
(132) 288
(133) 255
(134) 275
(135) 261
(136) 254
(137) 282
(138) 260
(139) 266
(140) 300
(141) 265
(142) 271
(143) 262
(144) 254
(145) 281
(146) 264
(147) 227
(148) 259
(149) 256
(150) 229
(151) 226
(152) 256
(153) 257
(154) 234
(155) 275
(156) 245
(157) 254
(158) 259
(159) 255
(160) 225
(161) 253
(162) 236
(163) 223
(164) 233
(165) 253
(166) 246
(167) 222
(168) 212
(169) 224
(170) 240
(171) 217
(172) 226
(173) 236
(174) 221
(175) 201
(176) 216
(177) 213
(178) 198
(179) 193
(180) 193
(181) 193
(182) 216
(183) 208
(184) 212
(185) 205
(186) 187
(187) 212
(188) 203
(189) 203
(190) 191
(191) 222
(192) 217
(193) 230
(194) 219
(195) 215
(196) 234
(197) 229
(198) 248
(199) 236
(200) 282
(201) 280
(202) 296
(203) 327
(204) 341
(205) 344
(206) 386
(207) 388
(208) 405
(209) 452
(210) 455
(211) 479
(212) 532
(213) 521
(214) 582
(215) 639
(216) 662
(217) 677
(218) 735
(219) 786
(220) 783
(221) 843
(222) 866
(223) 956
(224) 948
(225) 944
(226) 1014
(227) 1047
(228) 1066
(229) 1036
(230) 1041
(231) 1113
(232) 1115
(233) 1063
(234) 1078
(235) 1100
(236) 1011
(237) 1105
(238) 1060
(239) 970
(240) 998
(241) 974
(242) 950
(243) 934
(244) 922
(245) 877
(246) 833
(247) 754
(248) 714
(249) 695
(250) 656
(251) 588
(252) 594
(253) 535
(254) 531
(255) 484
(256) 457
(257) 419
(258) 395
(259) 346
(260) 330
(261) 306
(262) 291
(263) 255
(264) 229
(265) 230
(266) 193
(267) 199
(268) 170
(269) 140
(270) 155
(271) 135
(272) 132
(273) 131
(274) 129
(275) 110
(276) 96
(277) 91
(278) 87
(279) 76
(280) 72
(281) 92
(282) 96
(283) 86
(284) 78
(285) 85
(286) 69
(287) 69
(288) 63
(289) 65
(290) 65
(291) 67
(292) 53
(293) 70
(294) 82
(295) 50
(296) 68
(297) 62
(298) 68
(299) 56
(300) 43
(301) 68
(302) 57
(303) 65
(304) 57
(305) 71
(306) 57
(307) 58
(308) 50
(309) 48
(310) 70
(311) 78
(312) 52
(313) 65
(314) 56
(315) 29
(316) 50
(317) 37
(318) 45
(319) 47
(320) 50
(321) 63
(322) 53
(323) 38
(324) 57
(325) 46
(326) 63
(327) 61
(328) 50
(329) 46
(330) 41
(331) 47
(332) 36
(333) 44
(334) 47
(335) 49
(336) 49
(337) 49
(338) 40
(339) 56
(340) 40
(341) 43
(342) 45
(343) 49
(344) 56
(345) 41
(346) 29
(347) 55
(348) 40
(349) 44
(350) 31
(351) 35
(352) 39
(353) 43
(354) 45
(355) 28
(356) 31
(357) 54
(358) 42
(359) 40
(360) 42
(361) 35
(362) 26
(363) 51
(364) 49
(365) 46
(366) 40
(367) 50
(368) 52
(369) 45
(370) 40
(371) 53
(372) 74
(373) 49
(374) 47
(375) 60
(376) 62
(377) 75
(378) 64
(379) 60
(380) 62
(381) 68
(382) 72
(383) 68
(384) 74
(385) 89
(386) 99
(387) 93
(388) 99
(389) 108
(390) 93
(391) 120
(392) 101
(393) 101
(394) 122
(395) 106
(396) 157
(397) 127
(398) 119
(399) 140
(400) 131
(401) 133
(402) 149
(403) 145
(404) 156
(405) 164
(406) 177
(407) 165
(408) 166
(409) 165
(410) 180
(411) 164
(412) 172
(413) 172
(414) 184
(415) 162
(416) 174
(417) 170
(418) 182
(419) 188
(420) 176
(421) 174
(422) 178
(423) 165
(424) 174
(425) 170
(426) 189
(427) 150
(428) 173
(429) 172
(430) 183
(431) 157
(432) 170
(433) 163
(434) 148
(435) 154
(436) 144
(437) 148
(438) 139
(439) 128
(440) 143
(441) 144
(442) 124
(443) 138
(444) 130
(445) 164
(446) 159
(447) 130
(448) 130
(449) 129
(450) 136
(451) 151
(452) 139
(453) 130
(454) 148
(455) 140
(456) 129
(457) 147
(458) 111
(459) 141
(460) 147
(461) 157
(462) 134
(463) 147
(464) 129
(465) 148
(466) 158
(467) 132
(468) 139
(469) 139
(470) 148
(471) 146
(472) 156
(473) 156
(474) 144
(475) 128
(476) 148
(477) 144
(478) 144
(479) 138
(480) 121
(481) 142
(482) 129
(483) 142
(484) 126
(485) 127
(486) 125
(487) 127
(488) 113
(489) 98
(490) 111
(491) 117
(492) 115
(493) 110
(494) 90
(495) 77
(496) 85
(497) 83
(498) 95
(499) 81
(500) 81
(501) 77
(502) 73
(503) 66
(504) 63
(505) 61
(506) 42
(507) 66
(508) 40
(509) 54
(510) 46
(511) 48
(512) 37
(513) 32
(514) 33
(515) 30
(516) 36
(517) 20
(518) 35
(519) 26
(520) 17
(521) 18
(522) 19
(523) 21
(524) 13
(525) 15
(526) 10
(527) 16
(528) 7
(529) 14
(530) 16
(531) 6
(532) 8
(533) 8
(534) 10
(535) 5
(536) 5
(537) 4
(538) 4
(539) 4
(541) 1
(542) 3
(544) 3
(547) 2
(548) 1
(550) 1
(551) 4
(552) 4
(557) 3
(560) 2
(561) 2
(563) 1
(564) 2
(569) 1
(570) 1
(571) 1
(576) 1
(577) 1
(582) 1
(584) 1
(585) 1
(591) 2
(599) 3
(601) 1
(602) 2
(605) 1
(606) 1
(616) 1
(625) 1
(634) 1
(639) 1
(656) 1
(660) 1
(662) 1
(663) 1
(675) 1
(689) 1
(691) 1
(697) 1
(704) 1
(710) 1
(712) 1
(714) 1
(718) 1
(722) 1
(724) 1
(726) 1
(750) 1
(752) 1
(759) 1
(768) 1
(770) 1
(773) 1
(776) 1
(780) 1
(798) 1
(800) 1
(802) 1
(808) 1
(810) 1
(819) 1
(821) 1
(830) 1
(841) 1
(843) 1
(851) 1
(867) 1
(879) 2
(882) 1
(887) 1
(894) 1
(895) 1
(904) 1
(916) 1
(919) 1
(923) 1
(924) 1
(926) 1
(928) 1
(932) 1
(933) 1
(951) 1
(977) 1
(985) 1
(1006) 1
(1014) 1
(1335) 1
(1370) 1
(1429) 1
(1743) 1
(1813) 1
(1920) 1
(2948) 1
(3013) 1
(3363) 1
(4213) 1
(4748) 1
(6479) 1
(6509) 1
(6512) 1
(6524) 1
(6526) 1
(6528) 1
(6536) 1
(6540) 1
(6541) 2
(6542) 1
(6543) 1
(6544) 1
(6545) 2
(6546) 3
(6547) 1
(6548) 2
(6549) 4
(6550) 9
(6551) 10
(6552) 16
(6553) 20
(-1) -1
